日期,商品名稱,身份別,多方交易口數,多方交易契約金額(千元),空方交易口數,空方交易契約金額(千元),多空交易口數淨額,多空交易契約金額淨額(千元),多方未平倉口數,多方未平倉契約金額(千元),空方未平倉口數,空方未平倉契約金額(千元),多空未平倉口數淨額,多空未平倉契約金額淨額(千元)
2015/4/20,臺股期貨,自營商,18195,34742272,20318,38786772,-2123,-4044500,3068,5819454,6042,11506406,-2974,-5686952
2015/4/20,臺股期貨,投信,99,189282,287,548537,-188,-359255,1734,3316534,4760,9103976,-3026,-5787442
2015/4/20,臺股期貨,外資及陸資,30400,58064622,28819,55029831,1581,3034791,34005,65012935,33435,63890425,570,1122510
2015/4/21,臺股期貨,自營商,16377,31338413,16591,31729185,-214,-390773,3131,5940580,6297,11984066,-3166,-6043486
2015/4/21,臺股期貨,投信,74,141466,120,229475,-46,-88009,1715,3277493,4787,9147957,-3072,-5870464
2015/4/21,臺股期貨,外資及陸資,21386,40925281,26904,51484256,-5518,-10558974,33668,64313354,38781,74051379,-5113,-9738025
2015/4/22,臺股期貨,自營商,22414,43059729,21563,41426685,851,1633043,3300,6299640,5532,10588402,-2232,-4288762
2015/4/22,臺股期貨,投信,376,722790,65,125108,311,597683,1798,3457301,4559,8766045,-2761,-5308744
2015/4/22,臺股期貨,外資及陸資,40663,78124771,30415,58438795,10248,19685976,36122,69427435,30631,58836085,5491,10591350
2015/4/23,臺股期貨,自營商,36840,71915099,31614,61807322,5226,10107777,8764,17191405,5642,11060211,3122,6131194
2015/4/23,臺股期貨,投信,754,1475282,140,273627,614,1201654,2013,3960948,4160,8185216,-2147,-4224268
2015/4/23,臺股期貨,外資及陸資,50566,98734369,44917,87794440,5649,10939929,43015,84611587,31555,62022756,11460,22588831
2015/4/24,臺股期貨,自營商,39706,78837307,38313,76054190,1393,2783117,10908,21581099,6316,12487569,4592,9093530
2015/4/24,臺股期貨,投信,578,1149666,95,188273,483,961393,2147,4259818,3811,7561024,-1664,-3301206
2015/4/24,臺股期貨,外資及陸資,56267,111682274,62711,124508972,-6444,-12826698,43869,87008880,38653,76623889,5216,10384991
2015/4/27,臺股期貨,自營商,24772,49540482,22942,45879620,1830,3660862,12397,24776312,5947,11872829,6450,12903483
2015/4/27,臺股期貨,投信,211,422521,174,348077,37,74444,2047,4101556,3674,7361226,-1627,-3259670
2015/4/27,臺股期貨,外資及陸資,48979,97951221,45264,90517193,3715,7434028,50569,101294162,41389,82866273,9180,18427889
2015/4/28,臺股期貨,自營商,15792,31557709,16132,32228776,-340,-671067,11924,23764581,5846,11638068,6078,12126513
2015/4/28,臺股期貨,投信,57,113803,54,107838,3,5965,2056,4108094,3680,7352640,-1624,-3244546
2015/4/28,臺股期貨,外資及陸資,30232,60413556,33397,66735569,-3165,-6322013,49930,99736999,44229,88306059,5701,11430940
2015/4/29,臺股期貨,自營商,28815,57266151,33425,66459375,-4610,-9193224,6881,13574143,5380,10613657,1501,2960486
2015/4/29,臺股期貨,投信,148,294733,402,797467,-254,-502734,1921,3806496,3799,7527339,-1878,-3720843
2015/4/29,臺股期貨,外資及陸資,49042,97645840,47468,94443480,1574,3202360,56554,112033679,49719,98446498,6835,13587181
2015/4/30,臺股期貨,自營商,18822,37234524,18651,36885549,171,348976,7448,14650999,5725,11258929,1723,3392070
2015/4/30,臺股期貨,投信,1,1986,228,451038,-227,-449052,1806,3567799,3911,7725789,-2105,-4157990
2015/4/30,臺股期貨,外資及陸資,38875,76911759,41635,82372329,-2760,-5460569,57103,112774340,53290,105196229,3813,7578111
2015/5/4,臺股期貨,自營商,18695,36923158,17074,33703542,1621,3219617,9219,18163102,5830,11474884,3389,6688218
2015/5/4,臺股期貨,投信,74,145755,51,100622,23,45133,1839,3635950,3921,7751817,-2082,-4115867
2015/5/4,臺股期貨,外資及陸資,26242,51828038,27808,54911238,-1566,-3083200,56154,110990929,54110,106898891,2044,4092038
2015/5/5,臺股期貨,自營商,15928,31354716,16872,33208237,-944,-1853521,8333,16348148,6025,11813417,2308,4534731
2015/5/5,臺股期貨,投信,39,76723,85,167279,-46,-90556,1832,3608554,3960,7799616,-2128,-4191062
2015/5/5,臺股期貨,外資及陸資,21390,42100454,23810,46865329,-2420,-4764876,54953,108209087,55626,109481359,-673,-1272272
2015/5/6,臺股期貨,自營商,19880,39041360,19947,39150613,-67,-109253,9081,17815193,6846,13426088,2235,4389105
2015/5/6,臺股期貨,投信,262,515385,176,345844,86,169541,1775,3495557,3817,7516436,-2042,-4020879
2015/5/6,臺股期貨,外資及陸資,31476,61778253,32300,63398928,-824,-1620675,56440,111113762,58268,114658637,-1828,-3544875
2015/5/7,臺股期貨,自營商,17752,34669786,19720,38510369,-1968,-3840583,9478,18419041,9242,17969403,236,449638
2015/5/7,臺股期貨,投信,89,173690,362,706453,-273,-532763,1576,3074036,3891,7589006,-2315,-4514970
2015/5/7,臺股期貨,外資及陸資,40234,78568858,47935,93613753,-7701,-15044895,51340,100105541,59706,116362041,-8366,-16256500
2015/5/8,臺股期貨,自營商,11211,21859545,11932,23260101,-721,-1400556,8572,16592238,8870,17182296,-298,-590058
2015/5/8,臺股期貨,投信,81,158066,279,543914,-198,-385847,1440,2798990,3953,7683083,-2513,-4884093
2015/5/8,臺股期貨,外資及陸資,23179,45212697,26698,52073312,-3519,-6860614,50859,98821994,62733,121831066,-11874,-23009072
2015/5/11,臺股期貨,自營商,25341,49335055,24502,47681471,839,1653585,10673,20683758,9991,19367196,682,1316562
2015/5/11,臺股期貨,投信,208,404391,182,354719,26,49672,1475,2868155,3962,7703870,-2487,-4835715
2015/5/11,臺股期貨,外資及陸資,41944,81621330,46223,89961354,-4279,-8340023,51365,99845409,67352,130856522,-15987,-31011113
2015/5/12,臺股期貨,自營商,17594,34140275,17187,33348389,407,791886,9349,18078035,8270,15993851,1079,2084184
2015/5/12,臺股期貨,投信,71,137839,566,1098337,-495,-960498,1473,2859594,4455,8649040,-2982,-5789446
2015/5/12,臺股期貨,外資及陸資,36329,70520145,36628,71097181,-299,-577036,55287,107306689,71519,138734600,-16232,-31427911
2015/5/13,臺股期貨,自營商,22119,43088992,22753,44318924,-634,-1229933,9012,17475797,9142,17741634,-130,-265837
2015/5/13,臺股期貨,投信,491,957054,506,986031,-15,-28977,1498,2918092,4495,8755715,-2997,-5837623
2015/5/13,臺股期貨,外資及陸資,31122,60622098,29601,57653939,1521,2968159,58301,113512994,72753,141581251,-14452,-28068257
2015/5/14,臺股期貨,自營商,26472,51079048,24849,47966616,1623,3112432,10417,19930945,8880,16989796,1537,2941149
2015/5/14,臺股期貨,投信,115,221361,455,876744,-340,-655383,1459,2802842,4796,9213275,-3337,-6410433
2015/5/14,臺股期貨,外資及陸資,36560,70535070,44676,86225940,-8116,-15690870,52377,100559164,75207,144325665,-22830,-43766501
2015/5/15,臺股期貨,自營商,20374,39075220,21076,40423578,-702,-1348358,10692,20386409,9615,18338581,1077,2047828
2015/5/15,臺股期貨,投信,791,1514661,840,1607868,-49,-93207,1443,2762477,4829,9246360,-3386,-6483883
2015/5/15,臺股期貨,外資及陸資,48437,92887577,43811,84015804,4626,8871774,49493,94694121,67488,129065795,-17995,-34371674
2015/5/18,臺股期貨,自營商,13848,26546105,13193,25284244,655,1261861,10756,20562232,8964,17135913,1792,3426319
2015/5/18,臺股期貨,投信,2035,3901650,1702,3262371,333,639279,1522,2922024,4575,8783292,-3053,-5861268
2015/5/18,臺股期貨,外資及陸資,61140,117172821,61040,116982475,100,190346,49547,95053488,67237,128913901,-17690,-33860413
2015/5/19,臺股期貨,自營商,29037,56207202,28870,55909839,167,297363,9908,19134851,8120,15686202,1788,3448649
2015/5/19,臺股期貨,投信,2163,4196843,1605,3114232,558,1082611,1722,3341713,4217,8183510,-2495,-4841797
2015/5/19,臺股期貨,外資及陸資,75983,147140004,71523,138509161,4460,8630843,57543,111598440,70393,136436851,-12850,-24838411
2015/5/20,臺股期貨,自營商,26374,51094106,23669,45850734,2705,5243372,8230,15836410,2765,5277988,5465,10558422
2015/5/20,臺股期貨,投信,1042,2018891,734,1421708,308,597183,1657,3206626,3874,7496965,-2217,-4290339
2015/5/20,臺股期貨,外資及陸資,36058,69842445,44675,86516187,-8617,-16673742,34919,67508665,50854,98249434,-15935,-30740769
2015/5/21,臺股期貨,自營商,18799,35884182,18303,34941475,496,942707,9282,17609307,3372,6347517,5910,11261790
2015/5/21,臺股期貨,投信,147,280952,394,752514,-247,-471562,1622,3095100,4086,7796905,-2464,-4701805
2015/5/21,臺股期貨,外資及陸資,40760,77845110,42397,80952620,-1637,-3107509,33590,64027520,51634,98334752,-18044,-34307232
2015/5/22,臺股期貨,自營商,16950,32550737,16757,32200073,193,350665,9279,17743982,3179,6030046,6100,11713936
2015/5/22,臺股期貨,投信,421,808831,284,546695,137,262135,1753,3375226,4080,7855632,-2327,-4480406
2015/5/22,臺股期貨,外資及陸資,30150,57963566,25402,48832638,4748,9130928,34832,66989120,47620,91476444,-12788,-24487324
2015/5/25,臺股期貨,自營商,14829,28457608,14679,28166327,150,291281,9139,17481535,2982,5654423,6157,11827112
2015/5/25,臺股期貨,投信,119,228648,136,260956,-17,-32308,1733,3338105,4077,7853117,-2344,-4515012
2015/5/25,臺股期貨,外資及陸資,19100,36677815,16015,30757652,3085,5920163,35496,68292439,45278,87005341,-9782,-18712902
2015/5/26,臺股期貨,自營商,16321,31554494,16618,32128889,-297,-574396,9004,17269478,3137,5971699,5867,11297779
2015/5/26,臺股期貨,投信,437,845046,93,179543,344,665503,1803,3483035,3803,7346635,-2000,-3863600
2015/5/26,臺股期貨,外資及陸資,29303,56685024,29339,56741338,-36,-56315,34447,66460453,44373,85499935,-9926,-19039482
2015/5/27,臺股期貨,自營商,14121,27278612,17323,33465210,-3202,-6186598,6443,12319149,3792,7236511,2651,5082638
2015/5/27,臺股期貨,投信,144,278820,250,482970,-106,-204149,1791,3460928,3896,7528630,-2105,-4067702
2015/5/27,臺股期貨,外資及陸資,31175,60246866,25997,50246987,5178,9999879,37606,72579495,42193,81306661,-4587,-8727166
2015/5/28,臺股期貨,自營商,14984,29103002,14221,27626180,763,1476822,7001,13482984,3544,6810712,3457,6672272
2015/5/28,臺股期貨,投信,303,589469,62,120450,241,469019,1809,3519952,3673,7146923,-1864,-3626971
2015/5/28,臺股期貨,外資及陸資,31042,60315790,27689,53788795,3353,6526996,40653,79005593,41769,81034505,-1116,-2028912
2015/5/29,臺股期貨,自營商,13626,26466655,13126,25498819,500,967836,7218,13863746,3254,6232207,3964,7631539
2015/5/29,臺股期貨,投信,71,138001,156,302906,-85,-164905,1780,3454268,3729,7236497,-1949,-3782229
2015/5/29,臺股期貨,外資及陸資,26150,50819667,30902,60029745,-4752,-9210078,39757,77048796,45602,88230366,-5845,-11181570
2015/6/1,臺股期貨,自營商,19361,37310780,19078,36776260,283,534520,8351,15935807,4003,7620558,4348,8315249
2015/6/1,臺股期貨,投信,75,144794,454,874879,-379,-730085,1595,3071970,3923,7555698,-2328,-4483728
2015/6/1,臺股期貨,外資及陸資,32456,62606820,37333,71976152,-4877,-9369332,37995,73055607,48902,93897275,-10907,-20841668
2015/6/2,臺股期貨,自營商,14285,27418462,16265,31236303,-1980,-3817841,6803,12915779,4409,8389309,2394,4526470
2015/6/2,臺股期貨,投信,87,167305,286,549582,-199,-382277,1577,3029732,4104,7884605,-2527,-4854873
2015/6/2,臺股期貨,外資及陸資,31520,60554580,27384,52589210,4136,7965370,38886,74573546,45681,87455037,-6795,-12881491
2015/6/3,臺股期貨,自營商,19177,36720356,17283,33087738,1894,3632618,8178,15466470,3841,7254478,4337,8211992
2015/6/3,臺股期貨,投信,174,331500,232,443650,-58,-112150,1568,2993245,4153,7930569,-2585,-4937324
2015/6/3,臺股期貨,外資及陸資,29425,56384291,39985,76627659,-10560,-20243367,29635,56455504,47476,90329968,-17841,-33874464
2015/6/4,臺股期貨,自營商,31690,59580466,31853,59989017,-163,-408551,9532,17601643,5497,10149821,4035,7451822
2015/6/4,臺股期貨,投信,136,257275,921,1731259,-785,-1473984,1402,2611085,4772,8887373,-3370,-6276288
2015/6/4,臺股期貨,外資及陸資,54210,102056522,61385,115770258,-7175,-13713736,26099,48455347,51269,95128229,-25170,-46672882
2015/6/5,臺股期貨,自營商,19248,35774409,20851,38753976,-1603,-2979567,8469,15612616,6020,11121000,2449,4491616
2015/6/5,臺股期貨,投信,322,599158,186,345799,136,253358,1436,2673545,4670,8694606,-3234,-6021061
2015/6/5,臺股期貨,外資及陸資,38794,72144548,34391,63957633,4403,8186915,29957,55613075,50706,94036583,-20749,-38423508
2015/6/8,臺股期貨,自營商,22972,42779822,21939,40861651,1033,1918171,8687,16083372,5132,9521638,3555,6561734
2015/6/8,臺股期貨,投信,437,815746,269,500625,168,315120,1472,2752051,4538,8484245,-3066,-5732194
2015/6/8,臺股期貨,外資及陸資,37694,70188150,38029,70822996,-335,-634846,30368,56591165,51707,96274731,-21339,-39683566
2015/6/9,臺股期貨,自營商,26184,48460165,29257,54143080,-3073,-5682915,7606,13891411,7150,13119909,456,771502
2015/6/9,臺股期貨,投信,118,218357,363,670677,-245,-452320,1444,2667068,4755,8782183,-3311,-6115115
2015/6/9,臺股期貨,外資及陸資,40138,74384322,36902,68377974,3236,6006348,33877,62377615,52023,95662298,-18146,-33284683
2015/6/10,臺股期貨,自營商,21333,39597711,21257,39474880,76,122832,7928,14547201,7392,13645557,536,901644
2015/6/10,臺股期貨,投信,637,1184340,192,355900,445,828440,1502,2788914,4368,8109577,-2866,-5320663
2015/6/10,臺股期貨,外資及陸資,32741,60794373,32765,60842516,-24,-48143,35512,65716444,53993,99799741,-18481,-34083297
2015/6/11,臺股期貨,自營商,20795,38538553,19942,36966107,853,1572445,7856,14410658,6098,11255373,1758,3155285
2015/6/11,臺股期貨,投信,162,301188,246,456269,-84,-155082,1440,2674080,4390,8151298,-2950,-5477218
2015/6/11,臺股期貨,外資及陸資,31316,58082129,32015,59368279,-699,-1286150,35361,65446523,54499,100726109,-19138,-35279586
2015/6/12,臺股期貨,自營商,18273,33804418,18449,34161009,-176,-356592,9265,16951843,7672,14146667,1593,2805176
2015/6/12,臺股期貨,投信,1279,2364825,1294,2371847,-15,-7022,1467,2713846,4432,8188307,-2965,-5474461
2015/6/12,臺股期貨,外資及陸資,36672,67876623,34128,63160903,2544,4715720,39084,72173146,55662,102636263,-16578,-30463117
2015/6/15,臺股期貨,自營商,22063,40830947,22952,42356477,-889,-1525530,7526,13751796,7116,13033385,410,718411
2015/6/15,臺股期貨,投信,3411,6293601,3433,6277374,-22,16227,1483,2717822,4470,8160746,-2987,-5442924
2015/6/15,臺股期貨,外資及陸資,58351,107558658,56667,104594995,1684,2963662,37309,68414564,52112,95662576,-14803,-27248012
2015/6/16,臺股期貨,自營商,25177,46077969,25617,47023419,-440,-945450,7563,13653829,7434,13600603,129,53226
2015/6/16,臺股期貨,投信,753,1364082,985,1801369,-232,-437287,1561,2826071,4780,8668198,-3219,-5842127
2015/6/16,臺股期貨,外資及陸資,58182,106567008,57635,105392874,547,1174134,38197,69572979,52499,95615349,-14302,-26042370
2015/6/17,臺股期貨,自營商,23440,42837682,23853,43591911,-413,-754230,6809,12258177,2748,4945560,4061,7312617
2015/6/17,臺股期貨,投信,978,1787188,810,1472546,168,314642,1619,2927833,4472,8097898,-2853,-5170065
2015/6/17,臺股期貨,外資及陸資,31591,57333711,31748,57509566,-157,-175855,20564,37124976,30938,55829990,-10374,-18705014
2015/6/18,臺股期貨,自營商,13701,24777674,12780,23102624,921,1675051,7509,13516244,2649,4761833,4860,8754411
2015/6/18,臺股期貨,投信,137,247888,311,562326,-174,-314439,1681,3038127,4708,8519597,-3027,-5481470
2015/6/18,臺股期貨,外資及陸資,27149,49105233,24885,45008767,2264,4096466,22391,40406278,30865,55659642,-8474,-15253364
2015/6/22,臺股期貨,自營商,18536,33958720,18851,34574457,-315,-615738,7622,13892519,3043,5554077,4579,8338442
2015/6/22,臺股期貨,投信,643,1179447,108,198321,535,981126,1846,3384459,4338,7962833,-2492,-4578374
2015/6/22,臺股期貨,外資及陸資,27474,50373471,24102,44174057,3372,6199414,26520,48557078,31163,56971242,-4643,-8414164
2015/6/23,臺股期貨,自營商,17740,32756983,16944,31278277,796,1478706,8151,14946350,2880,5281004,5271,9665346
2015/6/23,臺股期貨,投信,234,432535,173,319335,61,113199,1846,3403637,4277,7895342,-2431,-4491705
2015/6/23,臺股期貨,外資及陸資,26063,48138418,26899,49672550,-836,-1534132,26838,49410346,32219,59232625,-5381,-9822279
2015/6/24,臺股期貨,自營商,10821,19950443,13088,24116280,-2267,-4165837,6602,12112115,3458,6353296,3144,5758819
2015/6/24,臺股期貨,投信,258,476261,138,254438,120,221823,1806,3335638,4117,7613156,-2311,-4277518
2015/6/24,臺股期貨,外資及陸資,24818,45754258,18826,34716203,5992,11038055,28507,52570447,27678,50941369,829,1629078
2015/6/25,臺股期貨,自營商,20933,39029986,22183,41367093,-1250,-2337107,5981,11085177,3983,7402817,1998,3682360
2015/6/25,臺股期貨,投信,408,761089,115,214738,293,546351,1902,3549824,3920,7324128,-2018,-3774304
2015/6/25,臺股期貨,外資及陸資,36927,68889954,35150,65586125,1777,3303829,31951,59531060,29061,54058258,2890,5472802
2015/6/26,臺股期貨,自營商,10947,20392953,9845,18340713,1102,2052239,6755,12503497,3615,6701850,3140,5801647
2015/6/26,臺股期貨,投信,787,1467838,108,201355,679,1266484,2455,4573291,3794,7073534,-1339,-2500243
2015/6/26,臺股期貨,外資及陸資,16771,31255915,20318,37861082,-3547,-6605167,30318,56358225,31019,57583472,-701,-1225247
2015/6/29,臺股期貨,自營商,22930,41988949,24039,44009212,-1109,-2020263,7044,12787916,5047,9172730,1997,3615186
2015/6/29,臺股期貨,投信,498,911372,502,918927,-4,-7555,2687,4907364,4030,7366034,-1343,-2458670
2015/6/29,臺股期貨,外資及陸資,34920,63985805,35896,65774183,-976,-1788377,28611,52126738,30496,55480510,-1885,-3353772
2015/6/30,臺股期貨,自營商,14739,27018115,15661,28711363,-922,-1693248,6033,11022700,5159,9460197,874,1562503
2015/6/30,臺股期貨,投信,276,508214,171,314120,105,194094,2820,5191111,4058,7475648,-1238,-2284537
2015/6/30,臺股期貨,外資及陸資,29620,54293200,24676,45241911,4944,9051289,31571,57991416,28610,52442821,2961,5548595
2015/7/1,臺股期貨,自營商,23028,42661417,21734,40291719,1294,2369697,6130,11293041,4012,7421894,2118,3871147
2015/7/1,臺股期貨,投信,369,684445,73,135832,296,548613,2943,5465295,3885,7219884,-942,-1754589
2015/7/1,臺股期貨,外資及陸資,32725,60683067,29499,54686257,3226,5996809,33160,61453528,27027,49958825,6133,11494703
2015/7/2,臺股期貨,自營商,12222,22688829,10218,18962762,2004,3726067,7206,13269972,3058,5639328,4148,7630644
2015/7/2,臺股期貨,投信,304,564985,82,152280,222,412705,3133,5809034,3854,7150712,-721,-1341678
2015/7/2,臺股期貨,外資及陸資,21721,40351166,24695,45876906,-2974,-5525741,31393,58082182,28326,52289188,3067,5792994
2015/7/3,臺股期貨,自營商,20523,37887629,20467,37785194,56,102435,7140,13174816,2928,5419312,4212,7755504
2015/7/3,臺股期貨,投信,233,431533,216,399130,17,32402,3157,5868676,3854,7169211,-697,-1300535
2015/7/3,臺股期貨,外資及陸資,36003,66478634,35188,64953665,815,1524969,32349,60020088,28689,53094303,3660,6925785
2015/7/6,臺股期貨,自營商,18526,34166050,19522,35999651,-996,-1833601,6885,12558944,3646,6677968,3239,5880976
2015/7/6,臺股期貨,投信,191,352388,313,576875,-122,-224488,3150,5793935,3982,7329269,-832,-1535334
2015/7/6,臺股期貨,外資及陸資,33479,61795669,35094,64753330,-1615,-2957661,32055,58843802,30122,55144376,1933,3699426
2015/7/7,臺股期貨,自營商,18503,34211485,21043,38925523,-2540,-4714039,5958,10893638,5237,9649578,721,1244060
2015/7/7,臺股期貨,投信,269,497402,263,486431,6,10971,3091,5709295,3914,7234638,-823,-1525343
2015/7/7,臺股期貨,外資及陸資,37949,70221311,35031,64795099,2918,5426212,34587,63771970,29743,54679179,4844,9092791
2015/7/8,臺股期貨,自營商,45235,81526168,43495,78429982,1740,3096186,7572,13440992,5394,9594498,2178,3846494
2015/7/8,臺股期貨,投信,420,751054,1058,1899390,-638,-1148336,2970,5306710,4472,7992504,-1502,-2685794
2015/7/8,臺股期貨,外資及陸資,57260,103277187,68272,123227799,-11012,-19950612,30634,54655984,37454,66686635,-6820,-12030651
2015/7/9,臺股期貨,自營商,37650,66448170,37148,65513011,502,935159,8224,14487407,5663,9990112,2561,4497295
2015/7/9,臺股期貨,投信,609,1078915,843,1477725,-234,-398811,2990,5299445,4740,8393558,-1750,-3094113
2015/7/9,臺股期貨,外資及陸資,62233,109855023,62271,109997887,-38,-142864,29493,52164919,36639,64687121,-7146,-12522202
2015/7/13,臺股期貨,自營商,35253,63009259,31518,56306616,3735,6702644,12527,22387979,6035,10751696,6492,11636283
2015/7/13,臺股期貨,投信,4427,7914608,4124,7307001,303,607607,3088,5521273,4502,7994508,-1414,-2473235
2015/7/13,臺股期貨,外資及陸資,63999,114189058,60287,107675352,3712,6513707,34252,61188974,37659,67262652,-3407,-6073678
2015/7/14,臺股期貨,自營商,28365,51091682,29415,52988623,-1050,-1896941,10514,18745107,4917,8763525,5597,9981582
2015/7/14,臺股期貨,投信,2134,3812541,1746,3133963,388,678578,3385,6013944,4405,7796301,-1020,-1782357
2015/7/14,臺股期貨,外資及陸資,71324,128258189,68396,122950604,2928,5307585,38606,68556323,38860,68936691,-254,-380368
2015/7/15,臺股期貨,自營商,29938,53726318,31685,56869212,-1747,-3142895,5119,9079154,2817,5000192,2302,4078962
2015/7/15,臺股期貨,投信,1479,2626902,1133,2039588,346,587314,3685,6550879,4321,7682738,-636,-1131859
2015/7/15,臺股期貨,外資及陸資,39870,71168027,36457,65068492,3413,6099535,28110,49942538,27754,49282896,356,659642
2015/7/16,臺股期貨,自營商,17740,31679886,17627,31476285,113,203601,5426,9656092,3042,5417338,2384,4238754
2015/7/16,臺股期貨,投信,736,1313802,181,323174,555,990629,3774,6728870,3870,6900984,-96,-172114
2015/7/16,臺股期貨,外資及陸資,35521,63452766,38988,69627738,-3467,-6174972,25914,46176172,29026,51702334,-3112,-5526162
2015/7/17,臺股期貨,自營商,15574,27737502,15065,26821485,509,916017,5657,10064906,2864,5098099,2793,4966807
2015/7/17,臺股期貨,投信,151,269037,207,368637,-56,-99601,3709,6610716,3855,6871923,-146,-261207
2015/7/17,臺股期貨,外資及陸資,30020,53455587,27510,48988506,2510,4467081,27360,48737162,27826,49544470,-466,-807308
2015/7/20,臺股期貨,自營商,26567,47308990,27960,49817464,-1393,-2508474,5350,9451823,3945,6975713,1405,2476110
2015/7/20,臺股期貨,投信,346,615065,407,723432,-61,-108368,3705,6557705,3929,6955116,-224,-397411
2015/7/20,臺股期貨,外資及陸資,37765,67318358,40367,71948669,-2602,-4630311,26439,46769317,29542,52237922,-3103,-5468605
2015/7/21,臺股期貨,自營商,18326,32543266,18327,32527289,-1,15976,5335,9510012,3929,7014089,1406,2495923
2015/7/21,臺股期貨,投信,196,348630,282,500459,-86,-151829,3718,6644585,4013,7172836,-295,-528251
2015/7/21,臺股期貨,外資及陸資,36077,64021184,31935,56683586,4142,7337598,26747,47768920,25584,45661979,1163,2106941
2015/7/22,臺股期貨,自營商,24224,42784731,26387,46625548,-2163,-3840817,4612,8101731,5100,8979997,-488,-878266
2015/7/22,臺股期貨,投信,369,651117,254,448441,115,202676,3777,6654944,3981,7015318,-204,-360374
2015/7/22,臺股期貨,外資及陸資,32592,57584365,40644,71809758,-8052,-14225393,22927,40368281,30124,53016046,-7197,-12647765
2015/7/23,臺股期貨,自營商,29041,50786684,27754,48528891,1287,2257793,6053,10574689,5211,9113269,842,1461420
2015/7/23,臺股期貨,投信,267,467592,537,938793,-270,-471201,3785,6625094,4267,7469810,-482,-844716
2015/7/23,臺股期貨,外資及陸資,44221,77358190,47238,82624371,-3017,-5266181,21027,36774145,31757,55524371,-10730,-18750226
2015/7/24,臺股期貨,自營商,16335,28394594,16502,28682906,-167,-288312,5878,10188158,5177,8984930,701,1203228
2015/7/24,臺股期貨,投信,174,302327,394,684390,-220,-382063,3731,6480587,4446,7723591,-715,-1243004
2015/7/24,臺股期貨,外資及陸資,30535,53090007,29707,51651541,828,1438466,21291,36954128,31448,54566657,-10157,-17612529
2015/7/27,臺股期貨,自營商,27731,47551545,29120,49982186,-1389,-2430642,6425,10931574,6835,11640509,-410,-708935
2015/7/27,臺股期貨,投信,259,444556,507,869590,-248,-425034,3590,6120085,4718,8044190,-1128,-1924105
2015/7/27,臺股期貨,外資及陸資,44521,76461809,40827,70118175,3694,6343634,23368,39811654,30034,51146423,-6666,-11334769
2015/7/28,臺股期貨,自營商,21535,36764603,21274,36307816,261,456787,6804,11594315,6907,11781012,-103,-186697
2015/7/28,臺股期貨,投信,796,1361559,325,555300,471,806258,3597,6142071,4267,7287183,-670,-1145112
2015/7/28,臺股期貨,外資及陸資,38929,66434679,41925,71568741,-2996,-5134062,22283,38022204,32130,54806720,-9847,-16784516
2015/7/29,臺股期貨,自營商,30139,51186231,29286,49716696,853,1469535,7497,12700030,6772,11476998,725,1223032
2015/7/29,臺股期貨,投信,381,647184,280,474980,101,172204,3717,6306884,4264,7236008,-547,-929124
2015/7/29,臺股期貨,外資及陸資,45446,77184070,46754,79433687,-1308,-2249618,22356,37904113,33763,57230510,-11407,-19326397
2015/7/30,臺股期貨,自營商,24277,41658446,25077,43042038,-800,-1383593,6847,11757556,6879,11826456,-32,-68900
2015/7/30,臺股期貨,投信,407,699779,322,552094,85,147685,3620,6230520,4048,6968227,-428,-737707
2015/7/30,臺股期貨,外資及陸資,40167,68939856,34900,59882903,5267,9056953,24903,42832717,30898,53118761,-5995,-10286044
2015/7/31,臺股期貨,自營商,19784,33832933,18391,31433134,1393,2399799,7110,12168681,5804,9938551,1306,2230130
2015/7/31,臺股期貨,投信,421,719827,249,426094,172,293733,3651,6260517,3910,6705650,-259,-445133
2015/7/31,臺股期貨,外資及陸資,35451,60615733,39435,67441681,-3984,-6825948,23791,40764520,34003,58246136,-10212,-17481616
2015/8/3,臺股期貨,自營商,21546,36406674,23433,39601158,-1887,-3194485,5927,9997498,6808,11495101,-881,-1497603
2015/8/3,臺股期貨,投信,382,646449,546,922966,-164,-276517,3550,6001351,3964,6702331,-414,-700980
2015/8/3,臺股期貨,外資及陸資,43615,73692396,39745,67154794,3870,6537602,27534,46516174,33850,57157101,-6316,-10640927
2015/8/4,臺股期貨,自營商,24008,40729807,27686,46955933,-3678,-6226126,4364,7362832,8859,14980677,-4495,-7617845
2015/8/4,臺股期貨,投信,298,506253,395,669402,-97,-163149,3443,5827342,3963,6708566,-520,-881224
2015/8/4,臺股期貨,外資及陸資,45563,77305732,43335,73517784,2228,3787948,27326,46218776,31418,53108069,-4092,-6889293
2015/8/5,臺股期貨,自營商,23187,39439384,21296,36209060,1891,3230324,5353,9096755,7936,13509221,-2583,-4412466
2015/8/5,臺股期貨,投信,345,587489,141,239826,204,347663,3470,5912626,3764,6414609,-294,-501983
2015/8/5,臺股期貨,外資及陸資,36004,61219718,36278,61704856,-274,-485138,25663,43697021,30177,51354588,-4514,-7657567
2015/8/6,臺股期貨,自營商,28664,48417214,29822,50376814,-1158,-1959600,4969,8321015,8873,14871835,-3904,-6550820
2015/8/6,臺股期貨,投信,371,625931,410,693022,-39,-67092,3447,5783139,3827,6421706,-380,-638567
2015/8/6,臺股期貨,外資及陸資,43751,73916083,47670,80598344,-3919,-6682261,26227,43971931,35137,58888484,-8910,-14916553
2015/8/7,臺股期貨,自營商,21546,36073921,22637,37892761,-1091,-1818839,4883,8169238,9778,16387925,-4895,-8218687
2015/8/7,臺股期貨,投信,432,724655,461,771695,-29,-47040,3624,6079317,4021,6746434,-397,-667117
2015/8/7,臺股期貨,外資及陸資,43760,73264812,38906,65154402,4854,8110410,28167,47218805,31790,53255965,-3623,-6037160
2015/8/10,臺股期貨,自營商,24235,40738594,22342,37544270,1893,3194324,6507,10959329,9528,16068562,-3021,-5109233
2015/8/10,臺股期貨,投信,293,493529,220,370004,73,123525,3684,6219056,3998,6750174,-314,-531118
2015/8/10,臺股期貨,外資及陸資,35606,59813158,36899,62003537,-1293,-2190380,27658,46658306,32476,54751127,-4818,-8092821
2015/8/11,臺股期貨,自營商,32423,54834787,35627,60218018,-3204,-5383231,5027,8384405,11195,18702345,-6168,-10317940
2015/8/11,臺股期貨,投信,783,1318392,403,682212,380,636180,3678,6150078,3638,6084142,40,65936
2015/8/11,臺股期貨,外資及陸資,52159,88174173,49397,83555917,2762,4618256,30786,51447020,32750,54689068,-1964,-3242048
2015/8/12,臺股期貨,自營商,35654,59189453,38123,63294981,-2469,-4105528,5401,8948802,14142,23448650,-8741,-14499848
2015/8/12,臺股期貨,投信,616,1023513,641,1063888,-25,-40374,3661,6076960,3659,6074240,2,2720
2015/8/12,臺股期貨,外資及陸資,53627,89081396,49991,83054484,3636,6026912,28984,48081506,28301,46928509,683,1152997
2015/8/13,臺股期貨,自營商,25241,41976381,22371,37196993,2870,4779389,6982,11572064,12862,21330662,-5880,-9758598
2015/8/13,臺股期貨,投信,1237,2055976,1137,1881806,100,174170,3684,6117763,3580,5938366,104,179397
2015/8/13,臺股期貨,外資及陸資,37587,62512319,41815,69546484,-4228,-7034165,25054,41576766,28918,47972844,-3864,-6396078
2015/8/14,臺股期貨,自營商,19884,33001822,22324,37053992,-2440,-4052170,6632,11014471,14939,24831617,-8307,-13817146
2015/8/14,臺股期貨,投信,1243,2062912,1194,1972574,49,90338,3762,6262178,3570,5925814,192,336364
2015/8/14,臺股期貨,外資及陸資,30517,50644424,27540,45719508,2977,4924915,23646,39323848,24619,40941769,-973,-1617921
2015/8/17,臺股期貨,自營商,26361,43495030,26025,42923993,336,571037,6061,9964655,14287,23489121,-8226,-13524466
2015/8/17,臺股期貨,投信,2722,4477453,2727,4484958,-5,-7504,3738,6145997,3578,5865852,160,280145
2015/8/17,臺股期貨,外資及陸資,47055,77571572,49166,81104469,-2111,-3532897,25400,41730093,28755,47288054,-3355,-5557961
2015/8/18,臺股期貨,自營商,30091,49377299,29825,48952502,266,424798,6079,9897825,13845,22562077,-7766,-12664252
2015/8/18,臺股期貨,投信,2357,3848107,2499,4091623,-142,-243516,3699,6013936,3683,5983585,16,30351
2015/8/18,臺股期貨,外資及陸資,54675,89753818,52214,85677136,2461,4076682,30199,49156505,31083,50611959,-884,-1455454
2015/8/19,臺股期貨,自營商,45527,73288554,46697,75209055,-1170,-1920500,4865,7752058,9411,14997381,-4546,-7245323
2015/8/19,臺股期貨,投信,740,1192019,1137,1831440,-397,-639420,3590,5722460,3970,6328180,-380,-605720
2015/8/19,臺股期貨,外資及陸資,48882,78616378,44709,71834135,4173,6782243,23052,36738957,23668,37720921,-616,-981964
2015/8/20,臺股期貨,自營商,25592,40787380,26519,42234135,-927,-1446755,4768,7598288,10160,16192611,-5392,-8594323
2015/8/20,臺股期貨,投信,387,617724,323,514148,64,103576,3623,5777236,3932,6269967,-309,-492731
2015/8/20,臺股期貨,外資及陸資,55237,88006021,50249,80080597,4988,7925424,27998,44635126,24092,38410129,3906,6224997
2015/8/21,臺股期貨,自營商,25573,39911780,29318,45780815,-3745,-5869036,4131,6391528,13441,20806046,-9310,-14414518
2015/8/21,臺股期貨,投信,344,536252,715,1112015,-371,-575764,3638,5634534,4302,6662938,-664,-1028404
2015/8/21,臺股期貨,外資及陸資,53041,82847619,48633,75976534,4408,6871084,32122,49737491,24132,37367561,7990,12369930
2015/8/24,臺股期貨,自營商,81591,119587765,86947,127559688,-5356,-7971923,5759,8445122,20322,29823064,-14563,-21377942
2015/8/24,臺股期貨,投信,972,1431196,1284,1892080,-312,-460884,3941,5788894,4884,7174596,-943,-1385702
2015/8/24,臺股期貨,外資及陸資,110682,162705050,94048,138358014,16634,24347037,44238,64952296,19625,28815403,24613,36136893
2015/8/25,臺股期貨,自營商,41829,62579742,40989,61303709,840,1276033,5512,8339134,19233,29106422,-13721,-20767288
2015/8/25,臺股期貨,投信,903,1359668,419,627572,484,732096,3975,6019482,4409,6676990,-434,-657508
2015/8/25,臺股期貨,外資及陸資,68987,103311071,67915,101855859,1072,1455212,45998,69634246,20153,30511660,25845,39122586
2015/8/26,臺股期貨,自營商,37761,57045936,37604,56822085,157,223851,4882,7420247,18489,28108262,-13607,-20688015
2015/8/26,臺股期貨,投信,549,829983,625,945062,-76,-115079,3803,5785544,4290,6526806,-487,-741262
2015/8/26,臺股期貨,外資及陸資,71220,107483589,72779,109904006,-1559,-2420417,44876,68246416,20502,31181639,24374,37064777
2015/8/27,臺股期貨,自營商,26318,40424928,25004,38382050,1314,2042878,5896,9048387,18199,27927751,-12303,-18879364
2015/8/27,臺股期貨,投信,305,468090,220,337533,85,130557,3846,5906360,4233,6501041,-387,-594681
2015/8/27,臺股期貨,外資及陸資,47839,73425855,48727,74802455,-888,-1376600,44565,68412532,21190,32534012,23375,35878520
2015/8/28,臺股期貨,自營商,25397,39898851,27005,42418971,-1608,-2520120,5729,9009123,19507,30681801,-13778,-21672678
2015/8/28,臺股期貨,投信,193,303630,217,341240,-24,-37611,3883,6112234,4286,6747021,-403,-634787
2015/8/28,臺股期貨,外資及陸資,51158,80372618,47313,74333886,3845,6038733,46514,73188063,18875,29700968,27639,43487095
2015/8/31,臺股期貨,自營商,22718,35762420,20783,32695719,1935,3066701,7450,11861243,18977,30212398,-11527,-18351155
2015/8/31,臺股期貨,投信,664,1046248,499,792937,165,253311,4208,6709102,4450,7095970,-242,-386868
2015/8/31,臺股期貨,外資及陸資,38348,60292497,44222,69546965,-5874,-9254468,42645,67937634,21042,33524747,21603,34412887
2015/9/1,臺股期貨,自營商,24092,37952954,24375,38392203,-283,-439250,7588,11858836,19419,30345227,-11831,-18486391
2015/9/1,臺股期貨,投信,380,597507,702,1101529,-322,-504022,4308,6744005,4866,7619183,-558,-875178
2015/9/1,臺股期貨,外資及陸資,54347,85670784,54946,86612456,-599,-941672,40309,63036523,19920,31154491,20389,31882032
2015/9/2,臺股期貨,自營商,31093,49041796,30791,48545414,302,496383,7859,12444098,19502,30882347,-11643,-18438249
2015/9/2,臺股期貨,投信,229,360679,638,1009279,-409,-648600,4290,6809041,5254,8341250,-964,-1532209
2015/9/2,臺股期貨,外資及陸資,62181,97995419,57508,90706071,4673,7289349,41069,65093179,16683,26436069,24386,38657110
2015/9/3,臺股期貨,自營商,16473,26167208,14531,23065584,1942,3101624,8732,13892341,18527,29466133,-9795,-15573792
2015/9/3,臺股期貨,投信,320,509024,410,652220,-90,-143195,4310,6872733,5365,8557175,-1055,-1684442
2015/9/3,臺股期貨,外資及陸資,44003,69891296,47413,75315889,-3410,-5424592,40426,64366708,19665,31314841,20761,33051867
2015/9/4,臺股期貨,自營商,21053,33416896,23836,37822420,-2783,-4405524,8144,12816505,20734,32641998,-12590,-19825493
2015/9/4,臺股期貨,投信,183,290436,589,931233,-406,-640797,4217,6655874,5686,8977057,-1469,-2321183
2015/9/4,臺股期貨,外資及陸資,56781,90170412,53467,84928154,3314,5242259,41430,65281588,17719,27915260,23711,37366328
2015/9/7,臺股期貨,自營商,22195,35210251,21391,33931206,804,1279044,9039,14292113,20753,32832986,-11714,-18540873
2015/9/7,臺股期貨,投信,301,478290,645,1022903,-344,-544613,4115,6524608,5921,9390706,-1806,-2866098
2015/9/7,臺股期貨,外資及陸資,50262,79754794,49629,78749299,633,1005495,41317,65414414,17255,27314509,24062,38099905
2015/9/8,臺股期貨,自營商,18768,29790249,17722,28117351,1046,1672898,9838,15641948,20550,32682647,-10712,-17040699
2015/9/8,臺股期貨,投信,210,334006,165,262003,45,72003,4057,6466722,5815,9271436,-1758,-2804714
2015/9/8,臺股期貨,外資及陸資,40139,63700814,39756,63087831,383,612983,43043,68508962,18532,29490119,24511,39018843
2015/9/9,臺股期貨,自營商,35639,58594250,33509,55104862,2130,3489389,11663,19411161,20110,33469392,-8447,-14058231
2015/9/9,臺股期貨,投信,1554,2557299,1286,2120002,268,437297,4020,6695541,5449,9082352,-1429,-2386811
2015/9/9,臺股期貨,外資及陸資,59819,98280868,59447,97795997,372,484871,43769,72878186,18854,31397256,24915,41480930
2015/9/10,臺股期貨,自營商,25341,41799804,21659,35712588,3682,6087216,11837,19548811,16613,27423448,-4776,-7874637
2015/9/10,臺股期貨,投信,1028,1693881,998,1646539,30,47342,4026,6649077,5424,8965789,-1398,-2316712
2015/9/10,臺股期貨,外資及陸資,45040,74296932,55118,90919559,-10078,-16622627,39090,64556567,24720,40835725,14370,23720842
2015/9/11,臺股期貨,自營商,18424,30406027,17246,28454091,1178,1951936,11621,19192514,15219,25117997,-3598,-5925483
2015/9/11,臺股期貨,投信,1014,1673747,953,1575677,61,98070,4101,6770414,5417,8955126,-1316,-2184712
2015/9/11,臺股期貨,外資及陸資,38951,64295777,39910,65870788,-959,-1575011,38154,63005761,24553,40553015,13601,22452746
2015/9/14,臺股期貨,自營商,26663,44114606,24118,39884713,2545,4229893,11859,19613257,13162,21736992,-1303,-2123735
2015/9/14,臺股期貨,投信,3377,5573919,3469,5718498,-92,-144579,4015,6632894,5417,8955301,-1402,-2322407
2015/9/14,臺股期貨,外資及陸資,59397,98187740,61136,101100037,-1739,-2912297,46754,77270070,35029,57917975,11725,19352095
2015/9/15,臺股期貨,自營商,23312,38522136,25229,41701606,-1917,-3179470,10513,17279460,13736,22547869,-3223,-5268409
2015/9/15,臺股期貨,投信,2922,4826043,3263,5378798,-341,-552755,3943,6463268,5691,9333334,-1748,-2870066
2015/9/15,臺股期貨,外資及陸資,63067,104285756,64135,106038443,-1068,-1752687,47450,77898246,37065,60894906,10385,17003340
2015/9/16,臺股期貨,自營商,29832,49516421,30724,51001804,-892,-1485382,3871,6402879,8017,13244871,-4146,-6841992
2015/9/16,臺股期貨,投信,1135,1883511,1127,1864240,8,19271,3923,6492799,5601,9270775,-1678,-2777976
2015/9/16,臺股期貨,外資及陸資,42572,70507219,34951,57906313,7621,12600906,33673,55692076,16369,27079535,17304,28612541
2015/9/17,臺股期貨,自營商,19530,32938561,21086,35558254,-1556,-2619692,3430,5784302,9099,15337208,-5669,-9552906
2015/9/17,臺股期貨,投信,411,693439,318,536534,93,156906,4150,7005548,5712,9642998,-1562,-2637450
2015/9/17,臺股期貨,外資及陸資,40834,68864539,37975,64057747,2859,4806793,35345,59630127,14914,25165334,20431,34464793
2015/9/18,臺股期貨,自營商,15125,25505457,13507,22763991,1618,2741467,4278,7213411,8322,14023001,-4044,-6809590
2015/9/18,臺股期貨,投信,211,356132,438,738649,-227,-382517,4181,7055443,5978,10088473,-1797,-3033030
2015/9/18,臺股期貨,外資及陸資,35331,59567347,38186,64383078,-2855,-4815731,33222,56031297,15766,26595830,17456,29435467
2015/9/21,臺股期貨,自營商,19265,31859431,19433,32139329,-168,-279898,4116,6801140,8509,14048065,-4393,-7246925
2015/9/21,臺股期貨,投信,244,403080,640,1058531,-396,-655451,4078,6744462,6286,10397044,-2208,-3652582
2015/9/21,臺股期貨,外資及陸資,35175,58162177,36683,60663200,-1508,-2501023,33352,55122493,17669,29209486,15683,25913007
2015/9/22,臺股期貨,自營商,12450,20704651,11858,19717277,592,987374,4510,7506675,8286,13781054,-3776,-6274379
2015/9/22,臺股期貨,投信,424,705701,344,572213,80,133488,4316,7190769,6424,10703669,-2108,-3512900
2015/9/22,臺股期貨,外資及陸資,28418,47248057,24846,41307031,3572,5941026,34702,57778991,15240,25377490,19462,32401501
2015/9/23,臺股期貨,自營商,22521,36859661,24120,39494691,-1599,-2635030,4195,6822718,9746,15845190,-5551,-9022472
2015/9/23,臺股期貨,投信,191,312287,779,1271706,-588,-959419,4204,6845209,6928,11281555,-2724,-4436346
2015/9/23,臺股期貨,外資及陸資,29140,47709122,30514,49952185,-1374,-2243064,34673,56419200,16821,27373026,17852,29046174
2015/9/24,臺股期貨,自營商,21932,35651984,21824,35485532,108,166452,4391,7095565,9728,15714845,-5337,-8619280
2015/9/24,臺股期貨,投信,290,471401,770,1249150,-480,-777749,4051,6553950,7286,11788748,-3235,-5234798
2015/9/24,臺股期貨,外資及陸資,44200,71920442,42488,69097884,1712,2822558,35217,56939768,15658,25315880,19559,31623888
2015/9/25,臺股期貨,自營商,19605,31733511,18898,30584682,707,1148830,4845,7857745,9512,15420143,-4667,-7562398
2015/9/25,臺股期貨,投信,191,309135,845,1369179,-654,-1060045,3950,6413511,7822,12701364,-3872,-6287853
2015/9/25,臺股期貨,外資及陸資,49434,79979108,47839,77405015,1595,2574093,35361,57378088,14078,22843299,21283,34534789
2015/9/30,臺股期貨,自營商,26929,43620828,26505,42907876,424,712952,5405,8783052,9450,15352452,-4045,-6569400
2015/9/30,臺股期貨,投信,327,529433,482,783278,-155,-253845,3951,6427813,7946,12928142,-3995,-6500329
2015/9/30,臺股期貨,外資及陸資,45702,74005385,43901,71152193,1801,2853191,37989,61771256,14741,23967944,23248,37803312
2015/10/1,臺股期貨,自營商,26376,43428582,25277,41649768,1099,1778815,6857,11382176,9882,16395299,-3025,-5013123
2015/10/1,臺股期貨,投信,694,1145085,398,657750,296,487335,4011,6663359,7655,12718017,-3644,-6054658
2015/10/1,臺股期貨,外資及陸資,46758,77002907,46505,76568154,253,434753,38032,63146336,14266,23684230,23766,39462106
2015/10/2,臺股期貨,自營商,12118,20087752,12449,20628094,-331,-540342,6278,10384292,9600,15874994,-3322,-5490702
2015/10/2,臺股期貨,投信,297,492561,486,805040,-189,-312479,3889,6438233,7733,12802755,-3844,-6364522
2015/10/2,臺股期貨,外資及陸資,29569,49011845,32490,53851869,-2921,-4840023,34985,57888504,14379,23791971,20606,34096533
2015/10/5,臺股期貨,自營商,15701,26151617,13572,22598994,2129,3552624,7760,12920611,8981,14946539,-1221,-2025928
2015/10/5,臺股期貨,投信,329,548253,382,636050,-53,-87797,3844,6404546,7733,12884725,-3889,-6480179
2015/10/5,臺股期貨,外資及陸資,39491,65761751,40726,67816512,-1235,-2054761,33570,55903123,14514,24170988,19056,31732135
2015/10/6,臺股期貨,自營商,21107,35506734,21161,35586544,-54,-79810,7349,12291981,8673,14498401,-1324,-2206420
2015/10/6,臺股期貨,投信,255,428940,328,550600,-73,-121660,3850,6443769,7827,13100833,-3977,-6657064
2015/10/6,臺股期貨,外資及陸資,42238,71020332,41344,69519428,894,1500904,34277,57338711,14240,23820903,20037,33517808
2015/10/7,臺股期貨,自營商,20920,35298416,21339,36019103,-419,-720688,7444,12631936,9048,15348470,-1604,-2716534
2015/10/7,臺股期貨,投信,321,542445,276,466556,45,75888,3996,6785762,7890,13398798,-3894,-6613036
2015/10/7,臺股期貨,外資及陸資,40384,68077376,35929,60597388,4455,7479987,38286,64984704,13326,22617949,24960,42366755
2015/10/8,臺股期貨,自營商,18246,30917097,18807,31868860,-561,-951762,6377,10760726,8597,14499303,-2220,-3738577
2015/10/8,臺股期貨,投信,357,603826,507,857636,-150,-253810,4104,6929715,8174,13802550,-4070,-6872835
2015/10/8,臺股期貨,外資及陸資,40227,68176859,41558,70448972,-1331,-2272113,36487,61576892,13220,22309404,23267,39267488
2015/10/12,臺股期貨,自營商,20840,35581115,20435,34894503,405,686613,8002,13675893,9726,16618050,-1724,-2942157
2015/10/12,臺股期貨,投信,215,367403,583,995654,-368,-628251,3995,6832750,8418,14398007,-4423,-7565257
2015/10/12,臺股期貨,外資及陸資,35892,61265716,34327,58611039,1565,2654677,38869,66444669,13500,23076349,25369,43368320
2015/10/13,臺股期貨,自營商,15274,26098136,15186,25938856,88,159280,7433,12711359,9165,15667644,-1732,-2956285
2015/10/13,臺股期貨,投信,221,377280,262,447954,-41,-70674,4082,6985650,8551,14634025,-4469,-7648375
2015/10/13,臺股期貨,外資及陸資,27054,46212122,28598,48854179,-1544,-2642057,36963,63220433,13352,22836343,23611,40384090
2015/10/14,臺股期貨,自營商,17802,30348001,18585,31673236,-783,-1325235,6468,11013092,9056,15413873,-2588,-4400781
2015/10/14,臺股期貨,投信,230,392124,382,651344,-152,-259220,4044,6890378,8689,14805895,-4645,-7915517
2015/10/14,臺股期貨,外資及陸資,34448,58732723,34657,59092544,-209,-359822,37207,63358371,13944,23742155,23263,39616216
2015/10/15,臺股期貨,自營商,25943,44726483,26569,45806677,-626,-1080194,6290,10820687,9647,16591334,-3357,-5770647
2015/10/15,臺股期貨,投信,1838,3170215,1764,3040546,74,129669,4070,7005886,8633,14860962,-4563,-7855076
2015/10/15,臺股期貨,外資及陸資,40806,70394177,40020,69034856,786,1359322,39914,68672837,15773,27136456,24141,41536381
2015/10/16,臺股期貨,自營商,16877,29026228,15270,26260417,1607,2765811,6809,11712447,8700,14958151,-1891,-3245704
2015/10/16,臺股期貨,投信,2001,3440309,2084,3581334,-83,-141024,3984,6855135,8634,14857173,-4650,-8002038
2015/10/16,臺股期貨,外資及陸資,26476,45542355,29560,50851683,-3084,-5309329,37762,64954517,16817,28928626,20945,36025891
2015/10/19,臺股期貨,自營商,22914,39535236,20599,35530338,2315,4004898,8253,14229121,7948,13696322,305,532799
2015/10/19,臺股期貨,投信,3196,5509461,3348,5770428,-152,-260967,3984,6869616,8788,15154106,-4804,-8284490
2015/10/19,臺股期貨,外資及陸資,45458,78412074,45583,78638789,-125,-226714,41882,72204102,20917,36065784,20965,36138318
2015/10/20,臺股期貨,自營商,15988,27647515,16146,27916082,-158,-268567,7377,12771416,7420,12839277,-43,-67861
2015/10/20,臺股期貨,投信,5696,9846946,6002,10374089,-306,-527143,3935,6813792,9058,15684810,-5123,-8871018
2015/10/20,臺股期貨,外資及陸資,41438,71640035,41474,71707906,-36,-67870,45371,78549510,24406,42259748,20965,36289762
2015/10/21,臺股期貨,自營商,28125,48545019,32269,55707097,-4144,-7162078,2686,4620469,6296,10829470,-3610,-6209001
2015/10/21,臺股期貨,投信,233,401127,586,1010530,-353,-609403,3927,6760614,9364,16121021,-5437,-9360407
2015/10/21,臺股期貨,外資及陸資,27265,47053529,29265,50501730,-2000,-3448201,35677,61403547,16564,28512110,19113,32891437
2015/10/22,臺股期貨,自營商,11990,20598379,12565,21593168,-575,-994789,2880,4920367,6948,11919609,-4068,-6999242
2015/10/22,臺股期貨,投信,195,335590,329,565719,-134,-230129,3965,6815767,9528,16378606,-5563,-9562839
2015/10/22,臺股期貨,外資及陸資,27551,47392913,22265,38301664,5286,9091248,38781,66650367,14243,24474858,24538,42175509
2015/10/23,臺股期貨,自營商,16864,29355521,15406,26815685,1458,2539836,3861,6683258,6557,11378640,-2696,-4695382
2015/10/23,臺股期貨,投信,306,531987,1691,2938799,-1385,-2406812,2578,4482572,9524,16560290,-6946,-12077718
2015/10/23,臺股期貨,外資及陸資,25143,43760284,27369,47637300,-2226,-3877016,37382,64987114,15064,26179084,22318,38808030
2015/10/26,臺股期貨,自營商,12347,21565295,10867,18981500,1480,2583794,4437,7720919,5684,9912531,-1247,-2191612
2015/10/26,臺股期貨,投信,308,538233,143,249670,165,288564,2622,4579572,9411,16437242,-6789,-11857670
2015/10/26,臺股期貨,外資及陸資,20433,35694845,19574,34186507,859,1508338,38829,67812511,15462,26988365,23367,40824146
2015/10/27,臺股期貨,自營商,16219,28189473,15333,26652291,886,1537181,5381,9328078,5813,10094553,-432,-766475
2015/10/27,臺股期貨,投信,156,271099,288,500683,-132,-229583,2621,4557395,9542,16591630,-6921,-12034235
2015/10/27,臺股期貨,外資及陸資,24668,42873543,27122,47135579,-2454,-4262036,37993,66057873,17234,29947283,20759,36110590
2015/10/28,臺股期貨,自營商,19560,33876166,19802,34293115,-242,-416949,5301,9130282,6016,10383429,-715,-1253147
2015/10/28,臺股期貨,投信,268,463423,401,693505,-133,-230082,2504,4325910,9565,16524494,-7061,-12198584
2015/10/28,臺股期貨,外資及陸資,27037,46834312,29737,51502214,-2700,-4667901,35488,61307875,17578,30344769,17910,30963106
2015/10/29,臺股期貨,自營商,20977,36051255,20635,35471746,342,579509,6117,10427099,6485,11071730,-368,-644631
2015/10/29,臺股期貨,投信,228,391547,393,674618,-165,-283071,2531,4326451,9758,16680294,-7227,-12353843
2015/10/29,臺股期貨,外資及陸資,36064,62007579,35341,60770389,723,1237190,37547,64174281,19038,32516066,18509,31658215
2015/10/30,臺股期貨,自營商,21129,36131267,22337,38191029,-1208,-2059762,4528,7730450,5952,10189460,-1424,-2459010
2015/10/30,臺股期貨,投信,267,456619,448,765809,-181,-309191,2470,4233566,9875,16925740,-7405,-12692174
2015/10/30,臺股期貨,外資及陸資,42292,72308676,39661,67815653,2631,4493023,40020,68586439,18615,31877658,21405,36708781
2015/11/2,臺股期貨,自營商,16132,27613712,15301,26182086,831,1431626,5240,8969152,5909,10137042,-669,-1167890
2015/11/2,臺股期貨,投信,164,281182,187,320467,-23,-39285,2493,4281465,9916,17029728,-7423,-12748263
2015/11/2,臺股期貨,外資及陸資,31193,53385747,30521,52228919,672,1156829,40466,69489092,18393,31560013,22073,37929079
2015/11/3,臺股期貨,自營商,20989,36523136,21822,37983366,-833,-1460229,5060,8793190,6568,11450192,-1508,-2657002
2015/11/3,臺股期貨,投信,397,691222,194,337965,203,353256,2562,4467643,9768,17033459,-7206,-12565816
2015/11/3,臺股期貨,外資及陸資,34200,59535896,30328,52801752,3872,6734144,42329,73810476,16124,28087337,26205,45723139
2015/11/4,臺股期貨,自營商,30625,54169230,28356,50172634,2269,3996596,6915,12251226,6175,10968384,740,1282842
2015/11/4,臺股期貨,投信,346,612376,389,689964,-43,-77588,2538,4508612,9767,17350222,-7229,-12841610
2015/11/4,臺股期貨,外資及陸資,45570,80641263,48483,85800041,-2913,-5158778,42015,74642314,18429,32705163,23586,41937151
2015/11/5,臺股期貨,自營商,12676,22479082,12386,21959444,290,519638,6305,11155531,5336,9470058,969,1685473
2015/11/5,臺股期貨,投信,222,393821,332,589104,-110,-195283,2516,4464526,9865,17504770,-7349,-13040244
2015/11/5,臺股期貨,外資及陸資,27335,48476821,29797,52843467,-2462,-4366646,39807,70647383,18812,33346813,20995,37300570
2015/11/6,臺股期貨,自營商,31327,54737255,30325,53028758,1002,1708497,7835,13582232,6110,10622804,1725,2959428
2015/11/6,臺股期貨,投信,269,468609,797,1389138,-528,-920529,2334,4056161,10249,17811026,-7915,-13754865
2015/11/6,臺股期貨,外資及陸資,51906,90750184,57234,100102713,-5328,-9352528,37987,66030497,22567,39181368,15420,26849129
2015/11/9,臺股期貨,自營商,26686,46230633,25840,44768936,846,1461697,9202,15843164,6515,11241708,2687,4601456
2015/11/9,臺股期貨,投信,268,464435,617,1066745,-349,-602310,2213,3818807,10449,18030922,-8236,-14212115
2015/11/9,臺股期貨,外資及陸資,47576,82466327,47105,81625233,471,841094,37608,64899546,21782,37546393,15826,27353153
2015/11/10,臺股期貨,自營商,22939,39227334,22190,37945200,749,1282134,11180,19042703,7696,13130583,3484,5912120
2015/11/10,臺股期貨,投信,205,350779,680,1161844,-475,-811065,2059,3513930,10770,18380207,-8711,-14866277
2015/11/10,臺股期貨,外資及陸資,37436,64022510,39116,66900116,-1680,-2877607,35712,60942711,21686,36966982,14026,23975729
2015/11/11,臺股期貨,自營商,35206,59510619,34030,57544992,1176,1965627,12775,21365722,7986,13371740,4789,7993982
2015/11/11,臺股期貨,投信,328,553503,683,1150093,-355,-596590,2003,3356200,11078,18562162,-9075,-15205962
2015/11/11,臺股期貨,外資及陸資,49320,83404452,50393,85251036,-1073,-1846584,36252,60727983,23624,39538606,12628,21189377
2015/11/12,臺股期貨,自營商,22575,37967326,20627,34674647,1948,3292679,13389,22604148,6517,11008821,6872,11595327
2015/11/12,臺股期貨,投信,2269,3814771,2476,4160046,-207,-345275,1930,3264312,11210,18961494,-9280,-15697182
2015/11/12,臺股期貨,外資及陸資,45321,76207359,42245,71045964,3076,5161395,37254,62992449,21374,36101577,15880,26890872
2015/11/13,臺股期貨,自營商,28091,47078390,30796,51606055,-2705,-4527666,12433,20730231,8317,13885438,4116,6844793
2015/11/13,臺股期貨,投信,2900,4853354,2919,4882513,-19,-29159,1933,3230001,11199,18714113,-9266,-15484112
2015/11/13,臺股期貨,外資及陸資,54445,91246928,56413,94535283,-1968,-3288355,38067,63594826,24300,40554543,13767,23040283
2015/11/16,臺股期貨,自營商,26891,44453153,26083,43097964,808,1355189,14133,23380427,9152,15154013,4981,8226414
2015/11/16,臺股期貨,投信,4107,6795028,4066,6724783,41,70245,1931,3199839,11163,18499349,-9232,-15299510
2015/11/16,臺股期貨,外資及陸資,54513,90117443,51128,84535784,3385,5581660,39905,66113963,22248,36821669,17657,29292294
2015/11/17,臺股期貨,自營商,38312,64715838,37567,63467234,745,1248605,12750,21467833,7050,11880588,5700,9587245
2015/11/17,臺股期貨,投信,3957,6692400,3507,5928060,450,764340,2013,3395215,10780,18181793,-8767,-14786578
2015/11/17,臺股期貨,外資及陸資,59520,100564872,58253,98416740,1267,2148132,44675,75337387,26024,43849055,18651,31488332
2015/11/18,臺股期貨,自營商,33822,56664344,35383,59295319,-1561,-2630974,3572,5870928,4792,7921985,-1220,-2051057
2015/11/18,臺股期貨,投信,594,995944,735,1228265,-141,-232321,2036,3371616,10884,18023904,-8848,-14652288
2015/11/18,臺股期貨,外資及陸資,38157,63900936,41661,69765607,-3504,-5864671,33421,55323036,17219,28460930,16202,26862106
2015/11/19,臺股期貨,自營商,23004,38594692,21517,36100544,1487,2494148,4383,7361004,4240,7150016,143,210988
2015/11/19,臺股期貨,投信,754,1269627,240,402875,514,866752,2243,3789324,10571,17858647,-8328,-14069323
2015/11/19,臺股期貨,外資及陸資,44287,74229639,41230,69136176,3057,5093463,34515,58284031,14831,24999123,19684,33284908
2015/11/20,臺股期貨,自營商,16929,28558375,16810,28350987,119,207388,4732,7947213,4462,7522012,270,425201
2015/11/20,臺股期貨,投信,206,347385,138,232801,68,114584,2313,3905732,10541,17799529,-8228,-13893797
2015/11/20,臺股期貨,外資及陸資,28050,47310185,30381,51239152,-2331,-3928967,33243,56109680,16037,27023444,17206,29086236
2015/11/23,臺股期貨,自營商,17856,30191861,16977,28696286,879,1495575,5894,9954750,4779,8093884,1115,1860866
2015/11/23,臺股期貨,投信,315,533391,216,365140,99,168251,2378,4033564,10507,17821969,-8129,-13788405
2015/11/23,臺股期貨,外資及陸資,33312,56308751,32334,54656113,978,1652638,34857,59097675,17154,29040773,17703,30056902
2015/11/24,臺股期貨,自營商,25482,42941789,28386,47833265,-2904,-4891476,5512,9220118,7198,12082050,-1686,-2861932
2015/11/24,臺股期貨,投信,194,326573,447,751880,-253,-425306,2341,3933348,10718,18008380,-8377,-14075032
2015/11/24,臺股期貨,外資及陸資,39442,66476479,38608,65080439,834,1396040,35387,59428283,16930,28387705,18457,31040578
2015/11/25,臺股期貨,自營商,22727,37995432,22194,37095770,533,899662,4704,7846919,6017,10077005,-1313,-2230086
2015/11/25,臺股期貨,投信,89,148977,282,471382,-193,-322405,2256,3782861,10811,18127882,-8555,-14345021
2015/11/25,臺股期貨,外資及陸資,36424,60895366,35279,58977799,1145,1917566,35316,59187089,15583,26071654,19733,33115435
2015/11/26,臺股期貨,自營商,19498,33084612,19072,32366535,426,718077,5029,8510109,5903,10025188,-874,-1515079
2015/11/26,臺股期貨,投信,532,903599,221,375162,311,528436,2229,3788854,10470,17796904,-8241,-14008050
2015/11/26,臺股期貨,外資及陸資,37910,64346178,33711,57221014,4199,7125164,37050,62949666,12917,21899889,24133,41049777
2015/11/27,臺股期貨,自營商,18605,31399993,19581,33052999,-976,-1653006,4312,7198012,6215,10419020,-1903,-3221008
2015/11/27,臺股期貨,投信,503,848239,464,781415,39,66824,2519,4226882,10716,17981446,-8197,-13754564
2015/11/27,臺股期貨,外資及陸資,33889,57237540,37910,64027339,-4021,-6789799,34955,58624580,15701,26290107,19254,32334473
2015/11/30,臺股期貨,自營商,30027,49607841,27342,45139978,2685,4467863,7779,12873098,7141,11841153,638,1031945
2015/11/30,臺股期貨,投信,306,506271,609,1007686,-303,-501415,2440,4048936,10969,18201952,-8529,-14153016
2015/11/30,臺股期貨,外資及陸資,45931,75848090,51221,84616070,-5290,-8767980,33988,56371368,19507,32314056,14481,24057312
2015/12/1,臺股期貨,自營商,25745,43264902,26444,44446634,-699,-1181732,6433,10843492,6550,11068045,-117,-224553
2015/12/1,臺股期貨,投信,668,1126504,383,645504,285,480999,2363,3996306,10579,17891200,-8216,-13894894
2015/12/1,臺股期貨,外資及陸資,46724,78430257,38839,65204570,7885,13225688,38082,64371868,15409,26002505,22673,38369363
2015/12/2,臺股期貨,自營商,24497,41467180,24450,41371751,47,95429,6669,11236938,6845,11562443,-176,-325505
2015/12/2,臺股期貨,投信,346,585281,302,510855,44,74426,2307,3899753,10448,17661297,-8141,-13761544
2015/12/2,臺股期貨,外資及陸資,38481,65116107,39378,66637257,-897,-1521150,38150,64457075,16417,27693693,21733,36763382
2015/12/3,臺股期貨,自營商,21438,36176394,21180,35749065,258,427329,6727,11358846,6746,11416466,-19,-57620
2015/12/3,臺股期貨,投信,450,759978,375,633005,75,126972,2301,3897894,10362,17553224,-8061,-13655330
2015/12/3,臺股期貨,外資及陸資,36753,62060266,35834,60502644,919,1557622,40020,67757364,17415,29443056,22605,38314308
2015/12/4,臺股期貨,自營商,20807,34839755,20769,34759230,38,80525,6665,11151867,6773,11360368,-108,-208501
2015/12/4,臺股期貨,投信,334,559469,478,800710,-144,-241242,2216,3719778,10413,17479255,-8197,-13759477
2015/12/4,臺股期貨,外資及陸資,38130,63838034,41212,69000537,-3082,-5162504,38310,64275007,18178,30455792,20132,33819215
2015/12/7,臺股期貨,自營商,23475,39879466,24065,40873357,-590,-993891,6009,10142997,6647,11251423,-638,-1108426
2015/12/7,臺股期貨,投信,646,1095879,369,626408,277,469471,2226,3770844,10154,17200838,-7928,-13429994
2015/12/7,臺股期貨,外資及陸資,41276,70121722,40967,69568783,309,552938,39053,66122884,18852,31877160,20201,34245724
2015/12/8,臺股期貨,自營商,27647,46280027,27169,45514643,478,765384,7406,12304805,7542,12558758,-136,-253953
2015/12/8,臺股期貨,投信,395,659837,773,1290344,-378,-630507,2159,3597326,10469,17443397,-8310,-13846071
2015/12/8,臺股期貨,外資及陸資,35452,59342954,43168,72255499,-7716,-12912545,36153,60207274,23976,39891738,12177,20315536
2015/12/9,臺股期貨,自營商,29234,48288836,28784,47540734,450,748102,8563,14041545,7902,12978151,661,1063394
2015/12/9,臺股期貨,投信,405,668493,693,1143188,-288,-474695,2033,3342222,10666,17534752,-8633,-14192530
2015/12/9,臺股期貨,外資及陸資,40607,67067784,43022,71044513,-2415,-3976729,34369,56465468,24237,39786341,10132,16679127
2015/12/10,臺股期貨,自營商,27322,44539737,25403,41398863,1919,3140874,9598,15678128,6869,11227885,2729,4450243
2015/12/10,臺股期貨,投信,2305,3759934,2012,3276303,293,483632,2344,3838286,10699,17517188,-8355,-13678902
2015/12/10,臺股期貨,外資及陸資,47824,77952704,47857,78018663,-33,-65959,37523,61392725,27072,44267301,10451,17125424
2015/12/11,臺股期貨,自營商,24458,39783289,26297,42780412,-1839,-2997123,9849,15855507,8941,14408701,908,1446806
2015/12/11,臺股期貨,投信,2507,4074887,2802,4548536,-295,-473649,2209,3565036,10838,17484360,-8629,-13919324
2015/12/11,臺股期貨,外資及陸資,49873,81250961,45808,74638065,4065,6612895,41985,67704088,27686,44617941,14299,23086147
2015/12/14,臺股期貨,自營商,26234,42057352,28687,45983224,-2453,-3925873,7597,12200346,9369,15069557,-1772,-2869211
2015/12/14,臺股期貨,投信,4468,7180015,4264,6846740,204,333275,2176,3504992,10588,17046109,-8412,-13541117
2015/12/14,臺股期貨,外資及陸資,59290,95058575,54814,87917415,4476,7141160,43151,69455755,23213,37333014,19938,32122741
2015/12/15,臺股期貨,自營商,25015,40430100,23914,38642673,1101,1787428,8511,13669924,8964,14416727,-453,-746803
2015/12/15,臺股期貨,投信,4819,7784189,4357,7029976,462,754214,2291,3685384,10231,16452203,-7940,-12766819
2015/12/15,臺股期貨,外資及陸資,60164,97230772,62790,101503335,-2626,-4272564,47426,76294066,30226,48616080,17200,27677986
2015/12/16,臺股期貨,自營商,32811,53530772,32310,52737069,501,793703,5283,8595986,5372,8760912,-89,-164926
2015/12/16,臺股期貨,投信,1017,1658125,677,1102892,340,555233,2303,3762871,9944,16248496,-7641,-12485625
2015/12/16,臺股期貨,外資及陸資,38801,63236093,38294,62414795,507,821298,34699,56661944,16020,26117863,18679,30544081
2015/12/17,臺股期貨,自營商,19522,32174783,18615,30692757,907,1482026,6210,10248645,5373,8881801,837,1366844
2015/12/17,臺股期貨,投信,933,1540820,289,476565,644,1064255,2712,4491912,9709,16081971,-6997,-11590059
2015/12/17,臺股期貨,外資及陸資,36460,60090733,36404,59985306,56,105427,33953,56202316,14922,24656719,19031,31545597
2015/12/18,臺股期貨,自營商,17687,29198412,18115,29894179,-428,-695767,6358,10424792,5986,9832575,372,592217
2015/12/18,臺股期貨,投信,293,483851,198,327009,95,156841,2807,4619516,9683,15936262,-6876,-11316746
2015/12/18,臺股期貨,外資及陸資,39082,64533299,41392,68350043,-2310,-3816744,32866,54051401,15861,26041960,17005,28009441
2015/12/21,臺股期貨,自營商,21140,34728557,19670,32326018,1470,2402540,6898,11382361,5109,8436922,1789,2945439
2015/12/21,臺股期貨,投信,172,283066,319,524455,-147,-241389,2731,4522171,9793,16217150,-7062,-11694979
2015/12/21,臺股期貨,外資及陸資,36275,59552674,35651,58533266,624,1019408,34881,57716690,16366,27038701,18515,30677989
2015/12/22,臺股期貨,自營商,15974,26377457,15488,25555511,486,821946,7931,13085707,5529,9108651,2402,3977056
2015/12/22,臺股期貨,投信,297,490214,238,393224,59,96990,2736,4527612,9697,16048477,-6961,-11520865
2015/12/22,臺股期貨,外資及陸資,30410,50184899,31391,51831104,-981,-1646205,33940,56099157,16585,27384832,17355,28714325
2015/12/23,臺股期貨,自營商,20368,33856100,22167,36839819,-1799,-2983719,7098,11727375,6576,10859507,522,867868
2015/12/23,臺股期貨,投信,409,679278,244,405412,165,273865,2752,4561294,9518,15776990,-6766,-11215696
2015/12/23,臺股期貨,外資及陸資,33723,56048253,30080,49997967,3643,6050286,36155,59860343,15242,25202865,20913,34657478
2015/12/24,臺股期貨,自營商,13892,23175907,15549,25924645,-1657,-2748738,6485,10748357,7654,12689862,-1169,-1941505
2015/12/24,臺股期貨,投信,302,502871,309,515453,-7,-12582,2760,4590594,9536,15862150,-6776,-11271556
2015/12/24,臺股期貨,外資及陸資,27740,46264199,25303,42203748,2437,4060451,37116,61666823,14292,23711506,22824,37955317
2015/12/25,臺股期貨,自營商,8070,13461683,7781,12977247,289,484436,6519,10879730,7424,12392484,-905,-1512754
2015/12/25,臺股期貨,投信,226,378035,71,118537,155,259499,2765,4630448,9395,15734710,-6630,-11104262
2015/12/25,臺股期貨,外資及陸資,15282,25477711,13209,22029745,2073,3447966,37714,63091707,12783,21346678,24931,41745029
2015/12/28,臺股期貨,自營商,7379,12352730,8630,14443019,-1251,-2090289,5681,9454584,7808,13004982,-2127,-3550398
2015/12/28,臺股期貨,投信,184,307849,108,180734,76,127115,2825,4719682,9371,15657031,-6546,-10937349
2015/12/28,臺股期貨,外資及陸資,18545,31043868,19268,32255809,-723,-1211941,36743,61320334,12610,21007840,24133,40312494
2015/12/29,臺股期貨,自營商,15274,25343734,15211,25238319,63,105414,5841,9646390,7897,13051160,-2056,-3404770
2015/12/29,臺股期貨,投信,249,413472,439,728010,-190,-314538,2773,4596244,9540,15813472,-6767,-11217228
2015/12/29,臺股期貨,外資及陸資,25670,42606627,30301,50280702,-4631,-7674075,33661,55730571,14426,23852365,19235,31878206
2015/12/30,臺股期貨,自營商,16080,26598918,15615,25825297,465,773620,6139,10103624,7696,12671528,-1557,-2567904
2015/12/30,臺股期貨,投信,246,406153,428,707494,-182,-301340,2714,4482208,9680,15987456,-6966,-11505248
2015/12/30,臺股期貨,外資及陸資,28100,46474032,30839,50998172,-2739,-4524140,31801,52456871,16209,26710349,15592,25746522
2015/12/31,臺股期貨,自營商,12940,21409218,14329,23703144,-1389,-2293926,5018,8269003,7960,13132640,-2942,-4863637
2015/12/31,臺股期貨,投信,305,505124,493,815279,-188,-310155,2451,4056140,9626,15931001,-7175,-11874861
2015/12/31,臺股期貨,外資及陸資,24466,40477212,19983,33067695,4483,7409517,34551,57113159,14347,23683339,20204,33429820
2016/1/4,臺股期貨,自營商,32291,52444607,30816,50103055,1475,2341551,7545,12144103,9021,14517027,-1476,-2372924
2016/1/4,臺股期貨,投信,951,1540616,1343,2171534,-392,-630918,2508,4048977,10062,16244128,-7554,-12195151
2016/1/4,臺股期貨,外資及陸資,56889,92407539,59043,95959230,-2154,-3551690,37169,59933087,19349,31174486,17820,28758601
2016/1/5,臺股期貨,自營商,23477,37892320,25693,41464962,-2216,-3572642,6504,10401017,10199,16321155,-3695,-5920138
2016/1/5,臺股期貨,投信,1039,1680436,1462,2358670,-423,-678233,2247,3606013,10243,16435458,-7996,-12829445
2016/1/5,臺股期貨,外資及陸資,54965,88758571,49968,80699596,4997,8058975,38299,61387415,15467,24758860,22832,36628555
2016/1/6,臺股期貨,自營商,37911,60392000,36420,58037321,1491,2354678,7477,11877348,9899,15726872,-2422,-3849524
2016/1/6,臺股期貨,投信,1077,1715417,1555,2471871,-478,-756454,2100,3347356,10621,16924880,-8521,-13577524
2016/1/6,臺股期貨,外資及陸資,57680,91928122,60306,96130790,-2626,-4202668,37669,59964874,17489,27812946,20180,32151928
2016/1/7,臺股期貨,自營商,40035,62717817,38862,60912648,1173,1805169,7890,12271886,9182,14274325,-1292,-2002439
2016/1/7,臺股期貨,投信,918,1433966,815,1275408,103,158558,2439,3806801,10869,16958762,-8430,-13151961
2016/1/7,臺股期貨,外資及陸資,71647,112348114,73711,115567516,-2064,-3219401,37011,57674845,19130,29783271,17881,27891574
2016/1/8,臺股期貨,自營商,29515,46191636,28366,44398565,1149,1793071,8689,13619799,8749,13695413,-60,-75614
2016/1/8,臺股期貨,投信,1068,1675598,286,448386,782,1227212,2648,4164664,10270,16145578,-7622,-11980914
2016/1/8,臺股期貨,外資及陸資,56275,88041688,57211,89553081,-936,-1511393,37318,58583972,20700,32471140,16618,26112832
2016/1/11,臺股期貨,自營商,33728,52192543,34826,53874196,-1098,-1681653,8181,12609907,9324,14361121,-1143,-1751214
2016/1/11,臺股期貨,投信,377,584237,282,436563,95,147674,2704,4184536,10220,15807469,-7516,-11622933
2016/1/11,臺股期貨,外資及陸資,55573,86007331,52456,81183136,3117,4824195,40486,62530448,21207,32727571,19279,29802877
2016/1/12,臺股期貨,自營商,27813,43044592,29760,46073185,-1947,-3028593,7533,11551617,10783,16539131,-3250,-4987514
2016/1/12,臺股期貨,投信,578,893096,588,908905,-10,-15809,2603,4010675,10113,15574127,-7510,-11563452
2016/1/12,臺股期貨,外資及陸資,50954,78859141,49406,76477908,1548,2381233,42822,65845953,21988,33780738,20834,32065215
2016/1/13,臺股期貨,自營商,34708,54091268,33422,52066004,1286,2025264,8970,13943326,10914,16959551,-1944,-3016225
2016/1/13,臺股期貨,投信,689,1073835,371,578227,318,495609,2645,4127574,9859,15378947,-7214,-11251373
2016/1/13,臺股期貨,外資及陸資,53652,83606931,51048,79547088,2604,4059843,44399,69155631,21033,32721016,23366,36434615
2016/1/14,臺股期貨,自營商,28494,43739480,32000,49097154,-3506,-5357674,8459,12989730,13702,21064725,-5243,-8074995
2016/1/14,臺股期貨,投信,1449,2224884,1848,2841666,-399,-616782,2595,3998299,10204,15733340,-7609,-11735041
2016/1/14,臺股期貨,外資及陸資,52091,79981589,51836,79585537,255,396052,46563,71692512,22915,35232516,23648,36459996
2016/1/15,臺股期貨,自營商,32634,50349022,30237,46632033,2397,3716989,9453,14431660,12383,18909585,-2930,-4477925
2016/1/15,臺股期貨,投信,2772,4281524,2660,4108933,112,172590,2693,4116484,10154,15551221,-7461,-11434737
2016/1/15,臺股期貨,外資及陸資,60065,92619121,60578,93495983,-513,-876862,46445,71045069,23234,35487100,23211,35557969
2016/1/18,臺股期貨,自營商,48588,74896255,46104,71065798,2484,3830457,10680,16617454,10670,16588636,10,28818
2016/1/18,臺股期貨,投信,3680,5695913,3423,5275456,257,420457,2713,4226608,9915,15458389,-7202,-11231781
2016/1/18,臺股期貨,外資及陸資,94318,145223057,93149,143579887,1169,1643170,50908,79311807,25800,40149205,25108,39162602
2016/1/19,臺股期貨,自營商,34109,53189355,30010,46799716,4099,6389639,12751,19980106,8653,13525679,4098,6454427
2016/1/19,臺股期貨,投信,3422,5339920,3015,4688674,407,651246,2971,4656394,9735,15255819,-6764,-10599425
2016/1/19,臺股期貨,外資及陸資,69198,107800664,77133,120198822,-7935,-12398158,49044,76851215,32106,50297106,16938,26554109
2016/1/20,臺股期貨,自營商,51596,79547910,53571,82602171,-1975,-3054262,4848,7305906,7437,11239252,-2589,-3933346
2016/1/20,臺股期貨,投信,767,1174851,917,1404541,-150,-229690,3058,4644025,9925,15073810,-6867,-10429785
2016/1/20,臺股期貨,外資及陸資,65375,100509781,65754,101156381,-379,-646599,36852,55878786,20380,30858609,16472,25020177
2016/1/21,臺股期貨,自營商,26051,39872136,26776,40969429,-725,-1097293,4708,7105479,8025,12152978,-3317,-5047499
2016/1/21,臺股期貨,投信,500,765026,613,936401,-113,-171375,2978,4533763,9975,15187593,-6997,-10653830
2016/1/21,臺股期貨,外資及陸資,62550,95739822,57309,87722287,5241,8017534,40147,61017547,17318,26264088,22829,34753459
2016/1/22,臺股期貨,自營商,22797,35078993,22530,34658198,267,420795,5040,7742924,8222,12676111,-3182,-4933187
2016/1/22,臺股期貨,投信,557,860169,376,579418,181,280752,2932,4542442,9765,15131514,-6833,-10589072
2016/1/22,臺股期貨,外資及陸資,53225,81867204,52028,80044300,1197,1822904,42547,65820498,18439,28468337,24108,37352161
2016/1/25,臺股期貨,自營商,22729,35630226,21834,34222879,895,1407346,5103,7925979,7430,11574638,-2327,-3648659
2016/1/25,臺股期貨,投信,807,1263617,319,500312,488,763305,2920,4574690,9249,14493043,-6329,-9918353
2016/1/25,臺股期貨,外資及陸資,42696,66966105,42849,67203538,-153,-237432,43176,67544551,19106,29834211,24070,37710340
2016/1/26,臺股期貨,自營商,20785,32315297,19686,30593191,1099,1722106,6064,9356764,7328,11321943,-1264,-1965179
2016/1/26,臺股期貨,投信,386,600519,627,974679,-241,-374160,2988,4647054,9568,14883830,-6580,-10236776
2016/1/26,臺股期貨,外資及陸資,41440,64434833,42057,65395948,-617,-961115,41745,64817579,18239,28262642,23506,36554937
2016/1/27,臺股期貨,自營商,18756,29306978,20955,32741158,-2199,-3434180,5746,8922680,9120,14214541,-3374,-5291861
2016/1/27,臺股期貨,投信,413,646393,372,581856,41,64538,2912,4563749,9473,14849724,-6561,-10285975
2016/1/27,臺股期貨,外資及陸資,45296,70781309,42639,66639045,2657,4142264,44270,69272648,17985,28079271,26285,41193377
2016/1/28,臺股期貨,自營商,21962,34509083,20933,32883421,1029,1625662,5620,8745381,7948,12402583,-2328,-3657202
2016/1/28,臺股期貨,投信,488,767432,338,531334,150,236097,2908,4569100,9288,14596880,-6380,-10027780
2016/1/28,臺股期貨,外資及陸資,46808,73538327,42901,67424992,3907,6113335,47519,74545602,17299,27068553,30220,47477049
2016/1/29,臺股期貨,自營商,37813,60220653,37491,59813882,322,406771,5336,8509077,7267,11627265,-1931,-3118188
2016/1/29,臺股期貨,投信,903,1443155,555,885211,348,557944,3073,4948509,9078,14620918,-6005,-9672409
2016/1/29,臺股期貨,外資及陸資,72897,116137235,72518,115484092,379,653143,49900,80234843,18890,30306160,31010,49928683
2016/1/30,臺股期貨,自營商,14295,23245626,16353,26600433,-2058,-3354807,5275,8532831,9252,15035755,-3977,-6502924
2016/1/30,臺股期貨,投信,1736,2827579,1326,2154864,410,672715,3123,5098406,8658,14133089,-5535,-9034683
2016/1/30,臺股期貨,外資及陸資,3909,6354728,4721,7680007,-812,-1325279,49293,80361782,19137,31136669,30156,49225113
2016/2/1,臺股期貨,自營商,26882,43611057,23001,37309912,3881,6301145,7222,11648439,7327,11832265,-105,-183826
2016/2/1,臺股期貨,投信,1511,2450731,1537,2489883,-26,-39152,3098,5033722,8663,14069335,-5565,-9035613
2016/2/1,臺股期貨,外資及陸資,44733,72557710,51418,83413859,-6685,-10856149,44151,71617998,20681,33489894,23470,38128104
2016/2/2,臺股期貨,自營商,20061,32523992,20499,33218444,-438,-694452,6605,10616516,7175,11550708,-570,-934192
2016/2/2,臺股期貨,投信,757,1228915,808,1308672,-51,-79757,3014,4884087,8640,13992956,-5626,-9108869
2016/2/2,臺股期貨,外資及陸資,41031,66511979,40827,66199157,204,312822,43764,70788051,20052,32374903,23712,38413148
2016/2/3,臺股期貨,自營商,26045,41874673,26375,42386349,-330,-511676,5820,9263222,6628,10566730,-808,-1303508
2016/2/3,臺股期貨,投信,1334,2145628,1863,2992522,-529,-846895,2706,4347432,8856,14216766,-6150,-9869334
2016/2/3,臺股期貨,外資及陸資,52969,85134789,52205,83937096,764,1197693,44818,71862547,20827,33342660,23991,38519887
2016/2/15,臺股期貨,自營商,27731,44439986,27359,43847613,372,592373,6352,10123194,6653,10606529,-301,-483335
2016/2/15,臺股期貨,投信,3897,6261600,4415,7079736,-518,-818136,2550,4094884,9223,14801912,-6673,-10707028
2016/2/15,臺股期貨,外資及陸資,64157,102765500,60632,97164278,3525,5601222,51392,82429006,23818,38152882,27574,44276124
2016/2/16,臺股期貨,自營商,36096,58945933,37240,60843495,-1144,-1897563,7928,12932610,9288,15171279,-1360,-2238669
2016/2/16,臺股期貨,投信,3551,5803912,3711,6060061,-160,-256148,2608,4281129,9423,15468662,-6815,-11187533
2016/2/16,臺股期貨,外資及陸資,71867,117260450,69328,113145869,2539,4114581,54672,89633389,24394,39935220,30278,49698169
2016/2/17,臺股期貨,自營商,28007,46006715,26605,43693493,1402,2313222,2895,4656357,6655,10822595,-3760,-6166238
2016/2/17,臺股期貨,投信,1091,1789777,1509,2473884,-418,-684107,2867,4696146,9955,16306290,-7088,-11610144
2016/2/17,臺股期貨,外資及陸資,44086,72345665,45483,74664304,-1397,-2318639,43968,71904962,13149,21426522,30819,50478440
2016/2/18,臺股期貨,自營商,20007,33157617,19487,32287119,520,870498,3883,6345238,7125,11724559,-3242,-5379321
2016/2/18,臺股期貨,投信,382,633009,554,917730,-172,-284722,2984,4944488,10255,16992535,-7271,-12048047
2016/2/18,臺股期貨,外資及陸資,36625,60688075,37390,61954056,-765,-1265981,43442,71863434,13334,21979575,30108,49883859
2016/2/19,臺股期貨,自營商,12210,20244116,12580,20851843,-370,-607727,3989,6538641,7605,12553868,-3616,-6015227
2016/2/19,臺股期貨,投信,192,318389,575,954520,-383,-636131,2847,4730006,10563,17549368,-7716,-12819362
2016/2/19,臺股期貨,外資及陸資,28707,47593549,25873,42896817,2834,4696732,45640,75706383,12571,20770227,33069,54936156
2016/2/22,臺股期貨,自營商,25435,42360349,22573,37590280,2862,4770070,5369,8822273,6120,10074932,-751,-1252659
2016/2/22,臺股期貨,投信,452,752872,707,1177489,-255,-424616,2913,4835580,10846,18004360,-7933,-13168780
2016/2/22,臺股期貨,外資及陸資,40069,66713050,44878,74695219,-4809,-7982169,41676,69058445,13565,22399083,28111,46659362
2016/2/23,臺股期貨,自營商,14793,24566583,14335,23797504,458,769080,6316,10414461,6556,10819494,-240,-405033
2016/2/23,臺股期貨,投信,220,365188,384,637327,-164,-272139,2946,4901555,11045,18376671,-8099,-13475116
2016/2/23,臺股期貨,外資及陸資,34096,56613084,31525,52349571,2571,4263513,44555,73998108,13859,22934026,30696,51064082
2016/2/24,臺股期貨,自營商,29356,48627268,32145,53254937,-2789,-4627669,5318,8676583,8360,13692820,-3042,-5016237
2016/2/24,臺股期貨,投信,688,1137729,1226,2025509,-538,-887779,3105,5121387,11724,19337566,-8619,-14216179
2016/2/24,臺股期貨,外資及陸資,49344,81813498,48159,79831232,1185,1982266,45203,74415595,13249,21725460,31954,52690135
2016/2/25,臺股期貨,自營商,20555,34211498,23286,38765122,-2731,-4553625,4625,7615781,10191,16895586,-5566,-9279805
2016/2/25,臺股期貨,投信,228,380148,432,720375,-204,-340227,2981,4971092,11971,19962820,-8990,-14991728
2016/2/25,臺股期貨,外資及陸資,46018,76599782,40030,66640585,5988,9959197,50145,83463952,12314,20403240,37831,63060712
2016/2/26,臺股期貨,自營商,19112,31961006,17364,29036509,1748,2924498,5048,8371664,8844,14737158,-3796,-6365494
2016/2/26,臺股期貨,投信,399,666369,600,1003709,-201,-337340,2986,5009889,12089,20282903,-9103,-15273014
2016/2/26,臺股期貨,外資及陸資,41289,69019816,45300,75733925,-4011,-6714109,47308,79213859,13587,22662703,33721,56551156
2016/3/1,臺股期貨,自營商,23841,40179891,22576,38048382,1265,2131508,6036,10103378,8668,14545212,-2632,-4441834
2016/3/1,臺股期貨,投信,451,760710,669,1130785,-218,-370075,2950,4984300,12300,20782060,-9350,-15797760
2016/3/1,臺股期貨,外資及陸資,41999,70729043,39565,66644322,2434,4084721,49469,83423252,13355,22435931,36114,60987321
2016/3/2,臺股期貨,自營商,24804,42330576,23837,40671612,967,1658965,6157,10393635,7930,13407128,-1773,-3013493
2016/3/2,臺股期貨,投信,344,586564,524,893152,-180,-306588,3072,5233439,12566,21407417,-9494,-16173978
2016/3/2,臺股期貨,外資及陸資,38427,65553874,42592,72667839,-4165,-7113965,47159,80171563,15461,26206293,31698,53965270
2016/3/3,臺股期貨,自營商,22095,37811131,21360,36545992,735,1265139,7422,12613873,8368,14228061,-946,-1614188
2016/3/3,臺股期貨,投信,331,567425,1096,1876922,-765,-1309497,2933,5023620,13169,22555840,-10236,-17532220
2016/3/3,臺股期貨,外資及陸資,39568,67699771,36973,63260619,2595,4439152,49202,84096782,14845,25288921,34357,58807861
2016/3/4,臺股期貨,自營商,18919,32497120,18531,31826576,388,670544,8051,13749617,8630,14739851,-579,-990234
2016/3/4,臺股期貨,投信,350,602372,770,1324300,-420,-721928,3006,5170897,13635,23454903,-10629,-18284006
2016/3/4,臺股期貨,外資及陸資,36463,62614098,36250,62258588,213,355510,49510,84984729,15065,25773656,34445,59211073
2016/3/7,臺股期貨,自營商,23693,40864540,23142,39901644,551,962896,7969,13608306,7946,13565508,23,42798
2016/3/7,臺股期貨,投信,1788,3081865,2514,4324040,-726,-1242174,2875,4947269,14212,24449738,-11337,-19502469
2016/3/7,臺股期貨,外資及陸資,38879,67030042,39213,67619837,-334,-589795,51417,88274133,17168,29394731,34249,58879402
2016/3/8,臺股期貨,自營商,22069,37846387,21197,36336302,872,1510085,8320,14227043,7368,12579501,952,1647542
2016/3/8,臺股期貨,投信,132,226092,1309,2252058,-1177,-2025966,2788,4803136,15305,26361394,-12517,-21558258
2016/3/8,臺股期貨,外資及陸資,40470,69386191,38213,65532652,2257,3853539,54297,93328143,17498,29994989,36799,63333154
2016/3/9,臺股期貨,自營商,20450,35137872,20590,35363756,-140,-225884,7549,12906095,6639,11326969,910,1579126
2016/3/9,臺股期貨,投信,78,133996,945,1626963,-867,-1492967,2696,4646799,16089,27725641,-13393,-23078842
2016/3/9,臺股期貨,外資及陸資,34945,60041623,33485,57539489,1460,2502134,55145,94828978,16802,28812190,38343,66016788
2016/3/10,臺股期貨,自營商,20392,35226933,21773,37612107,-1381,-2385174,8168,14002646,8478,14530970,-310,-528324
2016/3/10,臺股期貨,投信,3032,5237949,3150,5429586,-118,-191637,2661,4597627,16173,27930325,-13512,-23332698
2016/3/10,臺股期貨,外資及陸資,38634,66738508,38697,66857774,-63,-119266,53207,91714557,14823,25470796,38384,66243761
2016/3/11,臺股期貨,自營商,23411,40562010,21572,37379616,1839,3182394,9524,16466290,7721,13322577,1803,3143713
2016/3/11,臺股期貨,投信,4161,7206001,4926,8523425,-765,-1317424,2654,4615768,16873,29339035,-14219,-24723267
2016/3/11,臺股期貨,外資及陸資,41306,71518983,40389,69964372,917,1554611,53415,92731147,14114,24422524,39301,68308623
2016/3/14,臺股期貨,自營商,24005,41998705,23598,41274168,407,724538,9781,16997384,7492,12980889,2289,4016495
2016/3/14,臺股期貨,投信,5277,9235738,5019,8770828,258,464910,2746,4797182,16686,29144532,-13940,-24347350
2016/3/14,臺股期貨,外資及陸資,45902,80281034,51342,89834607,-5440,-9553572,53585,93437992,19630,34175522,33955,59262470
2016/3/15,臺股期貨,自營商,37919,65614724,39256,67934787,-1337,-2320063,9976,17052739,9127,15555663,849,1497076
2016/3/15,臺股期貨,投信,5864,10159338,6939,11987592,-1075,-1828254,2842,4877619,17986,30840776,-15144,-25963157
2016/3/15,臺股期貨,外資及陸資,74421,128968380,73838,128004593,583,963786,56632,97010351,22121,37872204,34511,59138147
2016/3/16,臺股期貨,自營商,24075,41678447,26381,45681633,-2306,-4003186,3952,6736622,9366,16103502,-5414,-9366880
2016/3/16,臺股期貨,投信,903,1562145,1627,2817275,-724,-1255131,2407,4166562,18425,31900623,-16018,-27734061
2016/3/16,臺股期貨,外資及陸資,40472,69976250,33111,57277149,7361,12699102,52747,91139442,11020,18945367,41727,72194075
2016/3/17,臺股期貨,自營商,26227,45877990,24619,43068429,1608,2809561,4965,8530975,8676,14976483,-3711,-6445508
2016/3/17,臺股期貨,投信,433,757227,1790,3117838,-1357,-2360611,2315,4026375,19747,34351436,-17432,-30325061
2016/3/17,臺股期貨,外資及陸資,44979,78674670,45676,79880661,-697,-1205991,52898,91833897,11787,20371954,41111,71461943
2016/3/18,臺股期貨,自營商,17512,30647231,16712,29245526,800,1401705,5801,10059561,8675,15086799,-2874,-5027238
2016/3/18,臺股期貨,投信,175,306329,464,813427,-289,-507098,2236,3918926,19926,34929849,-17690,-31010923
2016/3/18,臺股期貨,外資及陸資,32603,57052603,32780,57372622,-177,-320019,52873,92496761,11930,20779632,40943,71717129
2016/3/21,臺股期貨,自營商,18310,32020130,16596,29014545,1714,3005585,6432,11142779,7626,13215195,-1194,-2072416
2016/3/21,臺股期貨,投信,353,617207,781,1366744,-428,-749537,2112,3693511,20231,35387636,-18119,-31694125
2016/3/21,臺股期貨,外資及陸資,30004,52467588,31922,55842300,-1918,-3374711,53297,93034993,13836,24069575,39461,68965418
2016/3/22,臺股期貨,自營商,21004,36580158,22156,38575137,-1152,-1994979,6425,11135503,8760,15204680,-2335,-4069177
2016/3/22,臺股期貨,投信,504,877157,1143,1995338,-639,-1118181,2094,3663735,20845,36478316,-18751,-32814581
2016/3/22,臺股期貨,外資及陸資,39545,68883520,34592,60269000,4953,8614520,57969,101251277,13150,22882560,44819,78368717
2016/3/23,臺股期貨,自營商,22755,39750370,24071,42047607,-1316,-2297237,4988,8585859,8874,15337003,-3886,-6751144
2016/3/23,臺股期貨,投信,384,671278,1015,1770641,-631,-1099363,1962,3418216,21378,37252872,-19416,-33834656
2016/3/23,臺股期貨,外資及陸資,35983,62875954,35504,62036380,479,839574,57632,100232921,12310,21321404,45322,78911517
2016/3/24,臺股期貨,自營商,23399,40650885,22771,39548477,628,1102407,5562,9585762,8835,15269297,-3273,-5683535
2016/3/24,臺股期貨,投信,322,559616,591,1027697,-269,-468082,1903,3315403,21578,37601298,-19675,-34285895
2016/3/24,臺股期貨,外資及陸資,40179,69829470,38801,67441405,1378,2388065,57575,100133849,11029,19089147,46546,81044702
2016/3/25,臺股期貨,自營商,18140,31587901,17350,30200366,790,1387535,6066,10446547,8478,14620818,-2412,-4174271
2016/3/25,臺股期貨,投信,149,259700,476,827652,-327,-567952,1926,3350526,21948,38189003,-20022,-34838477
2016/3/25,臺股期貨,外資及陸資,22561,39282967,23569,41046731,-1008,-1763764,56855,98729328,11296,19522476,45559,79206852
2016/3/28,臺股期貨,自營商,15127,26305715,15785,27440354,-658,-1134639,5605,9633364,8675,14941214,-3070,-5307850
2016/3/28,臺股期貨,投信,138,239988,472,819827,-334,-579839,1888,3278861,22263,38670330,-20375,-35391469
2016/3/28,臺股期貨,外資及陸資,27777,48298461,28404,49393312,-627,-1094851,56597,98117726,11757,20297235,44840,77820491
2016/3/29,臺股期貨,自營商,24112,41573515,25921,44694687,-1809,-3121172,5814,9897570,10663,18203708,-4849,-8306138
2016/3/29,臺股期貨,投信,795,1368590,1274,2192814,-479,-824223,1994,3429484,22927,39438445,-20933,-36008961
2016/3/29,臺股期貨,外資及陸資,41408,71441555,42966,74140618,-1558,-2699063,57747,99139448,14644,25067642,43103,74071806
2016/3/30,臺股期貨,自營商,27624,48040427,27485,47810782,139,229645,5434,9390770,10190,17674384,-4756,-8283614
2016/3/30,臺股期貨,投信,525,913898,684,1193288,-159,-279390,2044,3572232,23061,40309737,-21017,-36737505
2016/3/30,臺股期貨,外資及陸資,43581,75786280,33481,58260279,10100,17526001,65493,114266685,11820,20534606,53673,93732079
2016/3/31,臺股期貨,自營商,24128,42215722,23724,41493283,404,722439,5476,9441898,9799,16940292,-4323,-7498394
2016/3/31,臺股期貨,投信,432,754985,1739,3040895,-1307,-2285910,1747,3044724,24113,42033083,-22366,-38988359
2016/3/31,臺股期貨,外資及陸資,43424,75963136,48484,84820646,-5060,-8857511,61021,106159141,12406,21503662,48615,84655479
2016/4/1,臺股期貨,自營商,27233,47064569,25766,44522533,1467,2542036,6400,10938125,9252,15814295,-2852,-4876170
2016/4/1,臺股期貨,投信,595,1029164,920,1587746,-325,-558582,1694,2922486,24447,42185077,-22753,-39262591
2016/4/1,臺股期貨,外資及陸資,44744,77339995,47318,81789390,-2574,-4449395,59968,103261163,13561,23275390,46407,79985773
2016/4/6,臺股期貨,自營商,31143,52871256,30998,52641768,145,229488,6508,10901998,9228,15449004,-2720,-4547006
2016/4/6,臺股期貨,投信,602,1022755,1265,2145245,-663,-1122490,1490,2519668,25096,42451653,-23606,-39931985
2016/4/6,臺股期貨,外資及陸資,44786,76085867,52690,89523863,-7904,-13437996,57373,96819311,18669,31448075,38704,65371236
2016/4/7,臺股期貨,自營商,23361,39397224,24556,41403013,-1195,-2005789,6269,10462936,10141,16943696,-3872,-6480760
2016/4/7,臺股期貨,投信,1136,1918249,357,600563,779,1317687,1504,2537334,24331,41060242,-22827,-38522908
2016/4/7,臺股期貨,外資及陸資,44585,75231993,40822,68889974,3763,6342018,60068,101134411,17584,29540948,42484,71593463
2016/4/8,臺股期貨,自營商,20507,34671090,19632,33178831,875,1492260,6729,11297890,9663,16226921,-2934,-4929031
2016/4/8,臺股期貨,投信,433,732242,384,649911,49,82332,1593,2702420,24275,41193888,-22682,-38491468
2016/4/8,臺股期貨,外資及陸資,40772,68892618,37274,63013650,3498,5878968,61977,104926978,16238,27416258,45739,77510720
2016/4/11,臺股期貨,自營商,19234,32626830,19882,33718297,-648,-1091467,6585,11091668,10125,17074102,-3540,-5982434
2016/4/11,臺股期貨,投信,419,712483,416,707151,3,5333,1524,2594471,24159,41141940,-22635,-38547469
2016/4/11,臺股期貨,外資及陸資,39030,66218912,36380,61714028,2650,4504884,64737,109992840,16468,27902625,48269,82090215
2016/4/12,臺股期貨,自營商,23993,40909594,23722,40426241,271,483353,6735,11321938,9997,16819169,-3262,-5497231
2016/4/12,臺股期貨,投信,298,508158,632,1074076,-334,-565918,1471,2498656,24440,41527517,-22969,-39028861
2016/4/12,臺股期貨,外資及陸資,43218,73662968,42786,72935386,432,727581,65554,111125494,16668,28175682,48886,82949812
2016/4/13,臺股期貨,自營商,32781,56433941,30824,53056990,1957,3376951,8742,14974180,10143,17352452,-1401,-2378272
2016/4/13,臺股期貨,投信,1965,3388017,2663,4585085,-698,-1197068,1348,2326850,24971,43121501,-23623,-40794651
2016/4/13,臺股期貨,外資及陸資,44425,76438659,41618,71656164,2807,4782495,68473,117979124,16807,28883202,51666,89095922
2016/4/14,臺股期貨,自營商,22186,38498919,19730,34232459,2456,4266459,11585,19940401,10487,18000305,1098,1940096
2016/4/14,臺股期貨,投信,2312,4007652,2609,4512686,-297,-505034,1318,2281491,25251,43717936,-23933,-41436445
2016/4/14,臺股期貨,外資及陸資,30970,53725129,35527,61642011,-4557,-7916881,66428,114775435,19217,33143214,47211,81632221
2016/4/15,臺股期貨,自營商,22168,38399997,22728,39366704,-560,-966708,12244,21217887,11654,20155157,590,1062730
2016/4/15,臺股期貨,投信,2964,5141664,3290,5696014,-326,-554350,1390,2421359,25530,44481730,-24140,-42060371
2016/4/15,臺股期貨,外資及陸資,44828,77655485,42357,73391428,2471,4264057,68815,119676950,19088,33134332,49727,86542618
2016/4/18,臺股期貨,自營商,19206,33242795,17245,29825892,1961,3416903,12016,20652796,9679,16559042,2337,4093754
2016/4/18,臺股期貨,投信,10222,17692673,10079,17407332,143,285340,1646,2840253,25616,44202248,-23970,-41361995
2016/4/18,臺股期貨,外資及陸資,45163,78107446,51610,89335305,-6447,-11227859,66326,114260294,23188,39930969,43138,74329325
2016/4/19,臺股期貨,自營商,37130,64338059,37548,65071917,-418,-733858,12325,21144766,10008,17077112,2317,4067654
2016/4/19,臺股期貨,投信,9502,16466442,9934,17160381,-432,-693940,1667,2867791,26052,44785855,-24385,-41918064
2016/4/19,臺股期貨,外資及陸資,72182,125002488,74195,128517167,-2013,-3514680,69857,119989519,28555,49078406,41302,70911113
2016/4/20,臺股期貨,自營商,39467,67512534,44006,75362912,-4539,-7850378,5303,8839229,7730,12890335,-2427,-4051106
2016/4/20,臺股期貨,投信,1282,2189280,2349,3997852,-1067,-1808572,1581,2668965,26691,45064346,-25110,-42395381
2016/4/20,臺股期貨,外資及陸資,53564,91782992,53633,91838540,-69,-55548,59416,100113896,18844,31693846,40572,68420050
2016/4/21,臺股期貨,自營商,14241,24210875,16096,27363541,-1855,-3152665,5769,9723770,10063,17006841,-4294,-7283071
2016/4/21,臺股期貨,投信,469,799284,373,633712,96,165572,1599,2727514,26593,45366929,-24994,-42639415
2016/4/21,臺股期貨,外資及陸資,39517,67182228,30161,51281768,9356,15900460,65896,112213170,15728,26707850,50168,85505320
2016/4/22,臺股期貨,自營商,21563,36699909,21400,36413977,163,285932,5867,9859005,9946,16747126,-4079,-6888121
2016/4/22,臺股期貨,投信,446,758890,224,380992,222,377898,1781,3027366,26551,45135973,-24770,-42108607
2016/4/22,臺股期貨,外資及陸資,42961,73154555,41370,70427954,1591,2726601,66811,113374620,15075,25505513,51736,87869107
2016/4/25,臺股期貨,自營商,14276,24303966,16259,27675850,-1983,-3371885,5942,10013340,11913,20151474,-5971,-10138134
2016/4/25,臺股期貨,投信,232,395417,91,154850,141,240567,1866,3181927,26496,45185549,-24630,-42003622
2016/4/25,臺股期貨,外資及陸資,30245,51483715,26937,45847908,3308,5635808,67925,115628938,12946,21951222,54979,93677716
2016/4/26,臺股期貨,自營商,22969,39361256,24450,41896188,-1481,-2534932,6162,10441726,13686,23297975,-7524,-12856249
2016/4/26,臺股期貨,投信,710,1217959,450,771673,260,446286,1842,3156890,26196,44899215,-24354,-41742325
2016/4/26,臺股期貨,外資及陸資,39768,68150527,38188,65433314,1580,2717213,68650,117450371,12109,20623070,56541,96827301
2016/4/27,臺股期貨,自營商,19650,33604474,17914,30633151,1736,2971323,5091,8595951,10915,18525931,-5824,-9929980
2016/4/27,臺股期貨,投信,152,260136,306,522827,-154,-262691,1813,3103544,26323,45064249,-24510,-41960705
2016/4/27,臺股期貨,外資及陸資,33244,56871342,34098,58322398,-854,-1451056,68071,116317190,12414,21119019,55657,95198171
2016/4/28,臺股期貨,自營商,29658,50269120,25587,43395571,4071,6873549,5690,9453025,7435,12345757,-1745,-2892732
2016/4/28,臺股期貨,投信,981,1661806,1525,2576060,-544,-914254,1730,2911249,26947,45350873,-25217,-42439624
2016/4/28,臺股期貨,外資及陸資,55141,93530574,71244,120853344,-16103,-27322769,65561,110111258,26086,43747903,39475,66363355
2016/4/29,臺股期貨,自營商,22814,38041258,20490,34168144,2324,3873113,7214,11870423,6490,10617502,724,1252921
2016/4/29,臺股期貨,投信,493,822976,1034,1723454,-541,-900478,1487,2471336,27289,45358838,-25802,-42887502
2016/4/29,臺股期貨,外資及陸資,38993,65065833,41567,69351827,-2574,-4285994,67338,111695435,30443,50443325,36895,61252110
2016/5/3,臺股期貨,自營商,21192,35040833,19828,32782911,1364,2257922,8150,13346073,6023,9778976,2127,3567097
2016/5/3,臺股期貨,投信,403,666407,680,1124300,-277,-457893,1503,2482930,27617,45627893,-26114,-43144963
2016/5/3,臺股期貨,外資及陸資,35796,59202581,38810,64179035,-3014,-4976454,63916,105362959,30013,49422107,33903,55940852
2016/5/4,臺股期貨,自營商,33137,54223928,32262,52823597,875,1400331,9311,15117451,6118,9842554,3193,5274897
2016/5/4,臺股期貨,投信,925,1512054,1134,1854198,-209,-342143,1489,2435961,27863,45588520,-26374,-43152559
2016/5/4,臺股期貨,外資及陸資,46897,76815238,49317,80787664,-2420,-3972426,61236,99949254,29936,48801954,31300,51147300
2016/5/5,臺股期貨,自營商,22284,36279532,19886,32351630,2398,3927902,11195,18121208,5476,8748002,5719,9373206
2016/5/5,臺股期貨,投信,1519,2476076,384,624768,1135,1851308,1871,3047907,27115,44174841,-25244,-41126934
2016/5/5,臺股期貨,外資及陸資,36222,58956633,42751,69604496,-6529,-10647862,57933,94133376,33427,54275430,24506,39857946
2016/5/6,臺股期貨,自營商,19679,31892269,21712,35174356,-2033,-3282087,9904,15936272,6179,9840453,3725,6095819
2016/5/6,臺股期貨,投信,1387,2250419,457,740001,930,1510419,2197,3560982,26515,42979891,-24318,-39418909
2016/5/6,臺股期貨,外資及陸資,36623,59352089,34414,55788314,2209,3563775,57901,93596466,31224,50422266,26677,43174200
2016/5/9,臺股期貨,自營商,19219,31170999,19153,31059672,66,111327,9827,15833329,6139,9788753,3688,6044576
2016/5/9,臺股期貨,投信,1254,2034631,482,781859,772,1252772,2380,3862889,25936,42098408,-23556,-38235519
2016/5/9,臺股期貨,外資及陸資,38532,62507222,36938,59929321,1594,2577901,57720,93419046,29439,47578506,28281,45840540
2016/5/10,臺股期貨,自營商,25170,40904573,25540,41488576,-370,-584003,10084,16318511,6584,10555946,3500,5762565
2016/5/10,臺股期貨,投信,2421,3946264,1464,2379094,957,1567169,2476,4036567,25068,40865354,-22592,-36828787
2016/5/10,臺股期貨,外資及陸資,44626,72518435,45335,73688856,-709,-1170421,55757,90627901,28378,46057728,27379,44570173
2016/5/11,臺股期貨,自營商,27403,44559892,25141,40850340,2262,3709552,11782,19022655,6089,9707401,5693,9315254
2016/5/11,臺股期貨,投信,2924,4750800,1492,2416919,1432,2333881,2718,4415593,23874,38778934,-21156,-34363341
2016/5/11,臺股期貨,外資及陸資,45433,73874989,50036,81414685,-4603,-7539696,53949,87357690,31149,50390770,22800,36966920
2016/5/12,臺股期貨,自營商,20077,32538960,23884,38712558,-3807,-6173598,9651,15468647,7320,11642780,2331,3825867
2016/5/12,臺股期貨,投信,4528,7344096,3854,6231822,674,1112274,2718,4392667,23195,37458191,-20477,-33065524
2016/5/12,臺股期貨,外資及陸資,44113,71532232,42364,68724773,1749,2807459,55911,90035112,31385,50499552,24526,39535560
2016/5/13,臺股期貨,自營商,28715,45998881,30620,49051652,-1905,-3052771,8633,13720316,7814,12344764,819,1375552
2016/5/13,臺股期貨,投信,5854,9375154,5539,8841344,315,533809,2867,4598655,23056,36925873,-20189,-32327218
2016/5/13,臺股期貨,外資及陸資,60981,97683943,56690,90862666,4291,6821277,62156,99326669,33400,53337315,28756,45989354
2016/5/16,臺股期貨,自營商,21819,35085298,23400,37604350,-1581,-2519053,7580,12102818,8447,13420292,-867,-1317474
2016/5/16,臺股期貨,投信,8234,13248019,7084,11363904,1150,1884115,2905,4676724,21917,35255885,-19012,-30579161
2016/5/16,臺股期貨,外資及陸資,63816,102523263,60423,97154878,3393,5368385,64941,104257889,32976,52911575,31965,51346314
2016/5/17,臺股期貨,自營商,32801,53039244,31621,51144040,1180,1895204,8253,13324250,8138,13066528,115,257722
2016/5/17,臺股期貨,投信,6737,10872975,5771,9287194,966,1585781,2926,4748940,20942,33990566,-18016,-29241626
2016/5/17,臺股期貨,外資及陸資,79479,128276777,82180,132664133,-2701,-4387356,66956,108505668,37758,61182308,29198,47323360
2016/5/18,臺股期貨,自營商,31168,50461587,29218,47289851,1950,3171736,3616,5761279,4981,7918522,-1365,-2157243
2016/5/18,臺股期貨,投信,1573,2549642,1118,1805179,455,744463,2966,4809666,20512,33261543,-17546,-28451877
2016/5/18,臺股期貨,外資及陸資,48278,77982319,49486,79966381,-1208,-1984062,53889,87109588,22129,35671054,31760,51438534
2016/5/19,臺股期貨,自營商,19933,32072781,19095,30740986,838,1331795,4327,6825054,4869,7651624,-542,-826570
2016/5/19,臺股期貨,投信,440,708233,406,653141,34,55092,3084,4954754,20642,33162699,-17558,-28207945
2016/5/19,臺股期貨,外資及陸資,40089,64555961,43128,69447117,-3039,-4891157,55052,88164117,26287,41989461,28765,46174656
2016/5/20,臺股期貨,自營商,21946,35453473,24023,38791729,-2077,-3338256,4989,7955225,7548,12040309,-2559,-4085084
2016/5/20,臺股期貨,投信,537,869835,457,738408,80,131427,3092,5010895,20536,33279882,-17444,-28268987
2016/5/20,臺股期貨,外資及陸資,56462,91225815,47850,77345843,8612,13879972,59362,95860713,22060,35496811,37302,60363902
2016/5/23,臺股期貨,自營商,35525,58398507,33488,55154270,2037,3244237,6332,10420937,6791,11144672,-459,-723735
2016/5/23,臺股期貨,投信,2542,4217222,1131,1873840,1411,2343383,3310,5523066,19168,31982967,-15858,-26459901
2016/5/23,臺股期貨,外資及陸資,63957,105183953,63150,103871097,807,1312856,59092,98263692,21085,34950885,38007,63312807
2016/5/24,臺股期貨,自營商,14985,24870482,14588,24204455,397,666027,6107,9963250,6317,10260961,-210,-297711
2016/5/24,臺股期貨,投信,466,773943,137,227562,329,546381,3493,5787202,19040,31544718,-15547,-25757516
2016/5/24,臺股期貨,外資及陸資,28356,47078485,35357,58723854,-7001,-11645369,52521,86667973,21767,35822145,30754,50845828
2016/5/25,臺股期貨,自營商,23396,39147668,24048,40248990,-652,-1101322,5739,9461975,6603,10859846,-864,-1397871
2016/5/25,臺股期貨,投信,956,1602653,368,616321,588,986332,3656,6130307,18591,31172602,-14935,-25042295
2016/5/25,臺股期貨,外資及陸資,40366,67527972,35880,60040484,4486,7487488,54201,90518130,18871,31406786,35330,59111344
2016/5/26,臺股期貨,自營商,10637,17809602,11442,19151595,-805,-1341993,5794,9550948,7513,12380103,-1719,-2829155
2016/5/26,臺股期貨,投信,462,774243,293,490696,169,283547,3841,6439748,18605,31192379,-14764,-24752631
2016/5/26,臺股期貨,外資及陸資,28190,47100329,27379,45751310,811,1349019,53447,89250518,17234,28668371,36213,60582147
2016/5/27,臺股期貨,自營商,14583,24550217,15950,26870646,-1367,-2320429,5845,9697302,8902,14829526,-3057,-5132224
2016/5/27,臺股期貨,投信,560,946598,295,497416,265,449183,3917,6629056,18413,31161378,-14496,-24532322
2016/5/27,臺股期貨,外資及陸資,33169,55884351,29535,49751932,3634,6132420,57910,97618024,17814,29894864,40096,67723160
2016/5/30,臺股期貨,自營商,18558,31470645,16876,28614803,1682,2855842,7399,12387933,8753,14647082,-1354,-2259149
2016/5/30,臺股期貨,投信,546,927601,412,697994,134,229607,3921,6672683,18290,31125140,-14369,-24452457
2016/5/30,臺股期貨,外資及陸資,36846,62443788,38201,64736876,-1355,-2293088,58415,98997384,19605,33095799,38810,65901585
2016/5/31,臺股期貨,自營商,20080,34122885,20045,34051089,35,71797,7761,12998518,9069,15175237,-1308,-2176719
2016/5/31,臺股期貨,投信,283,481145,1000,1700975,-717,-1219830,3841,6537308,18928,32214686,-15087,-25677378
2016/5/31,臺股期貨,外資及陸資,37764,64176185,37284,63363064,480,813121,59562,100957046,20304,34287692,39258,66669354
2016/6/1,臺股期貨,自營商,21282,36377690,21808,37273524,-526,-895833,8556,14430758,10310,17378084,-1754,-2947326
2016/6/1,臺股期貨,投信,361,617797,1636,2803175,-1275,-2185377,3594,6155729,19845,33989744,-16251,-27834015
2016/6/1,臺股期貨,外資及陸資,40963,70005491,33452,57187055,7511,12818436,64198,109521109,17355,29456863,46843,80064246
2016/6/2,臺股期貨,自營商,19917,34055459,20678,35364911,-761,-1309452,8831,14833442,11429,19243724,-2598,-4410282
2016/6/2,臺股期貨,投信,339,580741,1539,2629865,-1200,-2049124,3650,6241426,21103,36085285,-17453,-29843859
2016/6/2,臺股期貨,外資及陸資,39298,67269208,38812,66424186,486,845022,64113,109181642,16672,28202182,47441,80979460
2016/6/3,臺股期貨,自營商,11944,20417198,10948,18723257,996,1693941,9347,15721033,10888,18345740,-1541,-2624707
2016/6/3,臺股期貨,投信,584,1000137,961,1645744,-377,-645607,3508,6009131,21338,36551145,-17830,-30542014
2016/6/3,臺股期貨,外資及陸資,27104,46385407,27559,47154612,-455,-769205,63306,107987113,16304,27606947,47002,80380166
2016/6/4,臺股期貨,自營商,6108,10461009,5514,9447357,594,1013653,9366,15772246,10361,17472191,-995,-1699945
2016/6/4,臺股期貨,投信,70,120003,694,1190390,-624,-1070388,3466,5945503,21920,37600724,-18454,-31655221
2016/6/4,臺股期貨,外資及陸資,1370,2347122,1040,1777893,330,569228,64204,109679486,16302,27638402,47902,82041084
2016/6/6,臺股期貨,自營商,22621,38707583,21898,37480825,723,1226758,10399,17486710,10405,17508692,-6,-21982
2016/6/6,臺股期貨,投信,2461,4214927,2965,5001292,-504,-786365,3478,5963304,22450,38413599,-18972,-32450295
2016/6/6,臺股期貨,外資及陸資,43129,73778066,42023,71949910,1106,1828156,67532,115183485,18525,31371701,49007,83811784
2016/6/7,臺股期貨,自營商,24558,42389422,24273,41954327,285,435095,10756,18257455,10507,17894896,249,362559
2016/6/7,臺股期貨,投信,3948,6837440,5197,8862998,-1249,-2025559,3551,6155230,23717,40894991,-20166,-34739761
2016/6/7,臺股期貨,外資及陸資,41291,71282571,36444,63020932,4847,8261639,71335,122920700,17189,29392410,54146,93528290
2016/6/8,臺股期貨,自營商,23875,41492554,23204,40346061,671,1146492,11890,20313975,10849,18599309,1041,1714666
2016/6/8,臺股期貨,投信,5799,10090998,7049,12073291,-1250,-1982294,3528,6139256,24910,42994900,-21382,-36855644
2016/6/8,臺股期貨,外資及陸資,46706,80952580,46468,80753043,238,199537,72487,125318717,17978,30863287,54509,94455430
2016/6/13,臺股期貨,自營商,29563,50384348,30295,51629481,-732,-1245133,11739,19587405,11557,19340407,182,246998
2016/6/13,臺股期貨,投信,9370,15936969,10549,17683507,-1179,-1746538,3432,5779174,26051,43661615,-22619,-37882441
2016/6/13,臺股期貨,外資及陸資,74234,125833307,80343,136668710,-6109,-10835403,70866,119331347,22386,37601915,48480,81729432
2016/6/14,臺股期貨,自營商,20480,34861624,19339,32788518,1141,2073106,13475,22685414,12152,20371775,1323,2313639
2016/6/14,臺股期貨,投信,7890,13438022,8275,13882307,-385,-444284,3257,5468194,26262,44024723,-23005,-38556529
2016/6/14,臺股期貨,外資及陸資,59709,100893164,55864,94970311,3845,5922853,80268,135375976,28025,47341952,52243,88034024
2016/6/15,臺股期貨,自營商,35738,60766397,34499,58505133,1239,2261264,6547,10821148,12739,21311853,-6192,-10490705
2016/6/15,臺股期貨,投信,816,1381641,1327,2238166,-511,-856526,3219,5413769,26637,44819040,-23418,-39405271
2016/6/15,臺股期貨,外資及陸資,48865,82318384,50019,84636280,-1154,-2317897,62762,105426433,14087,23542272,48675,81884161
2016/6/16,臺股期貨,自營商,22527,37417249,25437,42280056,-2910,-4862807,6531,10621985,15614,25737348,-9083,-15115363
2016/6/16,臺股期貨,投信,596,991169,1556,2580839,-960,-1589670,3269,5411661,27659,45808467,-24390,-40396806
2016/6/16,臺股期貨,外資及陸資,45014,74795434,42082,69950827,2932,4844607,66778,110423420,15038,24740115,51740,85683305
2016/6/17,臺股期貨,自營商,20359,34159393,21163,35527374,-804,-1367981,7019,11577297,16939,28319939,-9920,-16742642
2016/6/17,臺股期貨,投信,436,731315,819,1374570,-383,-643255,3194,5360269,27954,46934397,-24760,-41574128
2016/6/17,臺股期貨,外資及陸資,41209,69198916,34547,58011566,6662,11187350,72174,121005907,13601,22666030,58573,98339877
2016/6/20,臺股期貨,自營商,17123,28972628,16831,28482664,292,489963,7261,12087544,16896,28499051,-9635,-16411507
2016/6/20,臺股期貨,投信,375,635628,432,731298,-57,-95669,3152,5336401,27989,47407397,-24837,-42070996
2016/6/20,臺股期貨,外資及陸資,34829,58946143,37502,63473653,-2673,-4527510,70342,118970730,14852,24981118,55490,93989612
2016/6/21,臺股期貨,自營商,16971,28814166,15013,25492467,1958,3321699,8494,14241098,16179,27420591,-7685,-13179493
2016/6/21,臺股期貨,投信,166,282300,160,272292,6,10007,3282,5583463,28113,47847957,-24831,-42264494
2016/6/21,臺股期貨,外資及陸資,30166,51206880,31545,53561613,-1379,-2354733,69491,118084243,15257,25777000,54234,92307243
2016/6/22,臺股期貨,自營商,19377,32925901,18257,30994136,1120,1931766,6866,11472772,13419,22710248,-6553,-11237476
2016/6/22,臺股期貨,投信,143,243097,873,1485414,-730,-1242316,3227,5489838,28788,48996803,-25561,-43506965
2016/6/22,臺股期貨,外資及陸資,31478,53480548,31220,53061684,258,418865,69936,118828069,15272,25800699,54664,93027370
2016/6/23,臺股期貨,自營商,10218,17359608,10195,17310705,23,48903,7386,12356215,13912,23544966,-6526,-11188751
2016/6/23,臺股期貨,投信,80,136016,585,994882,-505,-858865,3211,5462606,29277,49829083,-26066,-44366477
2016/6/23,臺股期貨,外資及陸資,22854,38828213,23459,39858762,-605,-1030549,70033,118990209,15843,26772574,54190,92217635
2016/6/24,臺股期貨,自營商,54255,90513010,55223,92119027,-968,-1606017,7535,12203830,14984,24523153,-7449,-12319323
2016/6/24,臺股期貨,投信,1096,1824031,2704,4468369,-1608,-2644338,3724,6133087,31398,51730965,-27674,-45597878
2016/6/24,臺股期貨,外資及陸資,131479,219633353,129758,216944436,1721,2688917,73660,121132937,17443,28542295,56217,92590642
2016/6/27,臺股期貨,自營商,17219,28554324,18202,30196254,-983,-1641930,8048,13184040,16496,27296673,-8448,-14112633
2016/6/27,臺股期貨,投信,875,1455702,272,452705,603,1002997,3642,6062080,30713,51142911,-27071,-45080831
2016/6/27,臺股期貨,外資及陸資,42725,70895238,38285,63530070,4440,7365169,78757,130909021,17452,28864553,61305,102044468
2016/6/28,臺股期貨,自營商,18123,30200385,16824,28036674,1299,2163711,9314,15377629,16433,27351205,-7119,-11973576
2016/6/28,臺股期貨,投信,516,863918,294,489817,222,374101,3569,5976165,30418,50955856,-26849,-44979691
2016/6/28,臺股期貨,外資及陸資,41229,68734233,43340,72263330,-2111,-3529097,75423,126103094,16764,27883406,58659,98219688
2016/6/29,臺股期貨,自營商,26190,44217493,25862,43666730,328,550763,7573,12545665,14403,24127400,-6830,-11581735
2016/6/29,臺股期貨,投信,558,941831,1122,1894009,-564,-952178,3838,6472805,31251,52726306,-27413,-46253501
2016/6/29,臺股期貨,外資及陸資,39941,67460515,37632,63567150,2309,3893365,76539,128880816,15297,25604883,61242,103275933
2016/6/30,臺股期貨,自營商,25244,42908754,23366,39725447,1878,3183306,8692,14569610,13628,23048257,-4936,-8478647
2016/6/30,臺股期貨,投信,439,746081,895,1524147,-456,-778065,4150,7068077,32019,54553583,-27869,-47485506
2016/6/30,臺股期貨,外資及陸資,45165,76767190,40954,69609587,4211,7157603,80536,136954723,14657,24767628,65879,112187095
2016/7/1,臺股期貨,自營商,22199,38184399,23102,39746135,-903,-1561736,8510,14434593,14215,24353118,-5705,-9918525
2016/7/1,臺股期貨,投信,347,596668,1616,2783620,-1269,-2186952,4169,7187147,33307,57440867,-29138,-50253720
2016/7/1,臺股期貨,外資及陸資,35927,61810085,33144,57016963,2783,4793121,83492,143719663,14708,25158532,68784,118561131
2016/7/4,臺股期貨,自營商,22544,38954022,19147,33039905,3397,5914117,9905,16870488,12187,20858050,-2282,-3987562
2016/7/4,臺股期貨,投信,156,269754,1173,2024866,-1017,-1755112,4064,7013396,34219,59075298,-30155,-52061902
2016/7/4,臺股期貨,外資及陸資,36346,62781940,41139,71093154,-4793,-8311214,78449,135151872,14553,24922370,63896,110229502
2016/7/5,臺股期貨,自營商,16166,27818343,17118,29423631,-952,-1605289,10333,17570460,13475,23003569,-3142,-5433109
2016/7/5,臺股期貨,投信,136,234157,606,1042979,-470,-808822,4022,6923265,34647,59661752,-30625,-52738487
2016/7/5,臺股期貨,外資及陸資,30430,52343505,29676,51076310,754,1267195,78950,135648019,14218,24289344,64732,111358675
2016/7/6,臺股期貨,自營商,29344,49716117,28080,47574722,1264,2141395,9915,16559114,11866,19886870,-1951,-3327756
2016/7/6,臺股期貨,投信,159,269263,1672,2834239,-1513,-2564976,3748,6345652,35886,60783322,-32138,-54437670
2016/7/6,臺股期貨,外資及陸資,52842,89534906,58631,99353229,-5789,-9818323,73262,123796975,14420,24220670,58842,99576305
2016/7/7,臺股期貨,自營商,13500,23034470,14346,24494954,-846,-1460484,9776,16488909,12505,21198632,-2729,-4709723
2016/7/7,臺股期貨,投信,921,1576053,388,663547,533,912506,3564,6099510,35169,60215969,-31605,-54116459
2016/7/7,臺股期貨,外資及陸資,33883,57885593,29330,50112138,4553,7773454,76539,130741832,12969,21999895,63570,108741937
2016/7/11,臺股期貨,自營商,22804,39729566,22860,39826050,-56,-96484,10183,17522107,12911,22342443,-2728,-4820336
2016/7/11,臺股期貨,投信,384,667751,175,305220,209,362531,3739,6526882,35135,61373417,-31396,-54846535
2016/7/11,臺股期貨,外資及陸資,41081,71604564,41798,72867015,-717,-1262451,75714,131930297,12934,22380509,62780,109549788
2016/7/12,臺股期貨,自營商,18944,33189806,19061,33378140,-117,-188334,10374,17928260,13205,22938671,-2831,-5010411
2016/7/12,臺股期貨,投信,2982,5236340,3391,5884248,-409,-647909,3886,6816717,35691,62575424,-31805,-55758707
2016/7/12,臺股期貨,外資及陸資,34644,60666706,32415,56857814,2229,3808892,78462,137278718,13249,23033416,65213,114245302
2016/7/13,臺股期貨,自營商,26313,46152510,27026,47409727,-713,-1257216,9982,17271420,13578,23649531,-3596,-6378111
2016/7/13,臺股期貨,投信,3735,6555695,3489,6038873,246,516821,4463,7844011,36022,63192764,-31559,-55348753
2016/7/13,臺股期貨,外資及陸資,46500,81550442,43947,77147007,2553,4403435,82360,144335430,14218,24783734,68142,119551696
2016/7/14,臺股期貨,自營商,20678,36365067,20154,35464437,524,900630,10422,18049167,13487,23534126,-3065,-5484959
2016/7/14,臺股期貨,投信,4310,7585015,5416,9451500,-1106,-1866485,4345,7635103,36997,64960009,-32652,-57324906
2016/7/14,臺股期貨,外資及陸資,34762,61147516,34063,60006526,699,1140990,84580,148479097,15588,27231242,68992,121247855
2016/7/15,臺股期貨,自營商,24027,42620245,25325,44962944,-1298,-2342700,10830,18971517,15243,26926641,-4413,-7955124
2016/7/15,臺股期貨,投信,5553,9865624,5212,9165003,341,700621,4332,7677589,36643,64951996,-32311,-57274407
2016/7/15,臺股期貨,外資及陸資,46719,82830585,44219,78531773,2500,4298812,86568,153549588,15085,26628167,71483,126921421
2016/7/18,臺股期貨,自營商,22258,39898271,20629,36922768,1629,2975502,11452,20314333,14023,24974897,-2571,-4660564
2016/7/18,臺股期貨,投信,12596,22612751,12073,21407908,523,1204843,4359,7778838,36147,64430858,-31788,-56652020
2016/7/18,臺股期貨,外資及陸資,60308,107647238,63549,113828579,-3241,-6181340,82014,146533112,13815,24615652,68199,121917460
2016/7/19,臺股期貨,自營商,26767,48131479,23689,42442057,3078,5689422,14505,25951549,14442,25733444,63,218105
2016/7/19,臺股期貨,投信,12530,22544242,13043,23240613,-513,-696371,4449,7949128,36750,65579547,-32301,-57630419
2016/7/19,臺股期貨,外資及陸資,74118,132599728,76363,137132364,-2245,-4532636,85389,152713754,19211,34370388,66178,118343366
2016/7/20,臺股期貨,自營商,36058,64629260,38561,69129169,-2503,-4499909,7865,13877822,13604,24110789,-5739,-10232967
2016/7/20,臺股期貨,投信,1442,2581878,1918,3419890,-476,-838012,4462,7927275,37337,66340202,-32875,-58412927
2016/7/20,臺股期貨,外資及陸資,42511,75838278,42377,75806838,134,31440,74737,132721260,12167,21559488,62570,111161772
2016/7/21,臺股期貨,自營商,20720,37192550,19183,34438766,1537,2753784,9245,16525560,13479,24162484,-4234,-7636924
2016/7/21,臺股期貨,投信,358,642331,750,1346583,-392,-704253,4361,7835113,37628,67609819,-33267,-59774706
2016/7/21,臺股期貨,外資及陸資,32753,58821561,32390,58176943,363,644617,76337,137090720,13154,23579941,63183,113510779
2016/7/22,臺股期貨,自營商,15819,28321768,17062,30540139,-1243,-2218371,8028,14253590,13286,23662299,-5258,-9408709
2016/7/22,臺股期貨,投信,179,319819,365,652422,-186,-332603,4188,7476551,37641,67204069,-33453,-59727518
2016/7/22,臺股期貨,外資及陸資,28445,50927874,29210,52314149,-765,-1386275,73838,131763282,11398,20304339,62440,111458943
2016/7/25,臺股期貨,自營商,30899,55007735,28984,51588427,1915,3419308,9592,16981675,12922,22917914,-3330,-5936239
2016/7/25,臺股期貨,投信,454,811677,1281,2278344,-827,-1466667,4050,7200979,38330,68158231,-34280,-60957252
2016/7/25,臺股期貨,外資及陸資,49025,87287479,49178,87590214,-153,-302735,72959,129663156,10236,18157599,62723,111505557
2016/7/26,臺股期貨,自營商,17368,30969375,17920,31934813,-552,-965438,9440,16852198,13246,23689451,-3806,-6837253
2016/7/26,臺股期貨,投信,172,307729,299,535194,-127,-227466,3963,7104914,38370,68797232,-34407,-61692318
2016/7/26,臺股期貨,外資及陸資,40441,72065643,34789,62016872,5652,10048771,78414,140513092,9869,17650232,68545,122862860
2016/7/27,臺股期貨,自營商,24016,43202947,24390,43867477,-374,-664530,8377,14977092,12579,22525773,-4202,-7548681
2016/7/27,臺股期貨,投信,486,874753,755,1357077,-269,-482323,3878,6963335,38554,69235090,-34676,-62271755
2016/7/27,臺股期貨,外資及陸資,44590,80220146,47522,85511652,-2932,-5291506,76419,137133163,11158,19988496,65261,117144667
2016/7/28,臺股期貨,自營商,15629,28088527,16827,30227048,-1198,-2138521,8104,14483245,13480,24134227,-5376,-9650982
2016/7/28,臺股期貨,投信,133,238752,683,1227153,-550,-988401,3878,6962996,39104,70222762,-35226,-63259766
2016/7/28,臺股期貨,外資及陸資,39356,70721953,35513,63826074,3843,6895879,80742,144882638,11642,20854885,69100,124027753
2016/7/29,臺股期貨,自營商,17944,32123849,18311,32769533,-367,-645684,8217,14552250,13963,24761221,-5746,-10208971
2016/7/29,臺股期貨,投信,225,401653,1558,2776368,-1333,-2374715,3652,6494596,40211,71527125,-36559,-65032529
2016/7/29,臺股期貨,外資及陸資,45168,80913039,45993,82413558,-825,-1500520,79225,140804958,11185,19842750,68040,120962208
2016/8/1,臺股期貨,自營商,19801,35646301,17770,31990991,2031,3655310,9285,16718366,12939,23317790,-3654,-6599424
2016/8/1,臺股期貨,投信,361,649341,433,781145,-72,-131803,3684,6658606,40315,72889309,-36631,-66230703
2016/8/1,臺股期貨,外資及陸資,37744,67937973,32831,59121949,4913,8816023,85400,154270254,11849,21362930,73551,132907324
2016/8/2,臺股期貨,自營商,10448,18835451,10097,18195257,351,640194,9387,16852028,12718,22845441,-3331,-5993413
2016/8/2,臺股期貨,投信,211,380467,64,115314,147,265152,3854,6944210,40338,72704995,-36484,-65760785
2016/8/2,臺股期貨,外資及陸資,22374,40336730,28123,50703798,-5749,-10367069,79638,143404042,12182,21895714,67456,121508328
2016/8/3,臺股期貨,自營商,23278,41492011,25147,44811787,-1869,-3319776,5954,10580179,11057,19653746,-5103,-9073567
2016/8/3,臺股期貨,投信,185,329324,1867,3332303,-1682,-3002979,3436,6137577,41603,74344307,-38167,-68206730
2016/8/3,臺股期貨,外資及陸資,44223,78902831,42034,74981595,2189,3921237,81753,145925716,12264,21851584,69489,124074132
2016/8/4,臺股期貨,自營商,15951,28518019,14013,25038368,1938,3479651,6765,12088096,9972,17785650,-3207,-5697554
2016/8/4,臺股期貨,投信,411,737539,178,318872,233,418668,3372,6046884,41306,74102710,-37934,-68055826
2016/8/4,臺股期貨,外資及陸資,36453,65182842,38297,68490613,-1844,-3307771,79643,142710595,12019,21505009,67624,121205586
2016/8/5,臺股期貨,自營商,20438,36945304,19749,35690529,689,1254775,7600,13722396,10168,18317701,-2568,-4595305
2016/8/5,臺股期貨,投信,594,1071095,1392,2520971,-798,-1449876,3482,6308185,42214,76508393,-38732,-70200208
2016/8/5,臺股期貨,外資及陸資,37297,67408012,33878,61235315,3419,6172697,82553,149431217,11488,20758540,71065,128672677
2016/8/8,臺股期貨,自營商,17256,31411544,15236,27721746,2020,3689798,9286,16884067,9802,17754946,-516,-870879
2016/8/8,臺股期貨,投信,596,1086933,298,542690,298,544243,3407,6209122,41841,76284263,-38434,-70075141
2016/8/8,臺股期貨,外資及陸資,31556,57413807,35283,64211775,-3727,-6797968,80255,146127983,13062,23755432,67193,122372551
2016/8/9,臺股期貨,自營商,11706,21354857,12587,22955435,-881,-1600578,9016,16393749,10460,18956887,-1444,-2563138
2016/8/9,臺股期貨,投信,419,764510,799,1456919,-380,-692409,3458,6302695,42272,77078527,-38814,-70775832
2016/8/9,臺股期貨,外資及陸資,27821,50733986,25449,46415409,2372,4318578,82184,149653367,12552,22822046,69632,126831321
2016/8/10,臺股期貨,自營商,20495,37420402,19197,35046598,1298,2373804,10236,18683870,10360,18852650,-124,-168780
2016/8/10,臺股期貨,投信,210,384114,1037,1897763,-827,-1513649,3353,6132971,42994,78670216,-39641,-72537245
2016/8/10,臺股期貨,外資及陸資,36453,66559691,35687,65172855,766,1386837,83806,153159172,13534,24706440,70272,128452732
2016/8/11,臺股期貨,自營商,27599,50084783,24469,44394300,3130,5690483,14718,26690809,11708,21173357,3010,5517452
2016/8/11,臺股期貨,投信,5375,9754416,7288,13179438,-1913,-3425021,3110,5642784,44664,81121710,-41554,-75478926
2016/8/11,臺股期貨,外資及陸資,49512,89887454,52065,94571471,-2553,-4684017,83618,151754260,15885,28810265,67733,122943995
2016/8/12,臺股期貨,自營商,12850,23437601,14561,26574160,-1711,-3136559,13086,23829844,11748,21351356,1338,2478488
2016/8/12,臺股期貨,投信,6872,12537655,7246,13169386,-374,-631731,3198,5816777,45126,82283568,-41928,-76466791
2016/8/12,臺股期貨,外資及陸資,40740,74300224,37038,67593586,3702,6706638,88027,160450217,16506,30064025,71521,130386192
2016/8/15,臺股期貨,自營商,19233,35080894,17144,31238872,2089,3842022,13280,24195583,10137,18407886,3143,5787697
2016/8/15,臺股期貨,投信,19409,35422787,20209,36673365,-800,-1250578,3338,6071576,46064,83815987,-42726,-77744411
2016/8/15,臺股期貨,外資及陸資,66732,121455351,68677,125272263,-1945,-3816912,89459,162818847,19852,36167324,69607,126651523
2016/8/16,臺股期貨,自營商,28302,51427613,29561,53736454,-1259,-2308841,11714,21235021,9763,17632861,1951,3602160
2016/8/16,臺股期貨,投信,16110,29321423,17731,32076380,-1621,-2754957,3239,5851721,47586,85891416,-44347,-80039695
2016/8/16,臺股期貨,外資及陸資,84700,153963563,85405,155406195,-705,-1442632,87781,158668147,18777,33988355,69004,124679792
2016/8/17,臺股期貨,自營商,21540,39034357,20182,36569652,1358,2464705,4250,7641149,6956,12501581,-2706,-4860432
2016/8/17,臺股期貨,投信,1716,3114417,3563,6423417,-1847,-3309000,2867,5164040,49349,88887325,-46482,-83723285
2016/8/17,臺股期貨,外資及陸資,44104,79644312,38914,70405108,5190,9239205,77167,138954380,10301,18545107,66866,120409273
2016/8/18,臺股期貨,自營商,12859,23229496,11524,20820723,1335,2408773,5185,9360164,6676,12042451,-1491,-2682287
2016/8/18,臺股期貨,投信,841,1521099,714,1290616,127,230483,2915,5270903,49270,89089917,-46355,-83819014
2016/8/18,臺股期貨,外資及陸資,30399,54917568,26801,48416576,3598,6500992,80197,144971031,9717,17560633,70480,127410398
2016/8/19,臺股期貨,自營商,24287,43802970,24492,44170425,-205,-367455,5820,10402285,7553,13486645,-1733,-3084360
2016/8/19,臺股期貨,投信,1232,2222955,1607,2878971,-375,-656016,3224,5769670,49954,89397579,-46730,-83627909
2016/8/19,臺股期貨,外資及陸資,50104,90346121,54393,98104895,-4289,-7758775,80474,143972206,14094,25212637,66380,118759569
2016/8/22,臺股期貨,自營商,17896,31841269,18842,33524063,-946,-1682794,5139,9129918,7919,14059801,-2780,-4929883
2016/8/22,臺股期貨,投信,88,156858,1794,3194671,-1706,-3037813,2757,4904703,51191,91068697,-48434,-86163994
2016/8/22,臺股期貨,外資及陸資,46415,82593689,40522,72097081,5893,10496609,85771,152545123,13332,23708573,72439,128836550
2016/8/23,臺股期貨,自營商,14264,25541835,16366,29317346,-2102,-3775511,5393,9674282,10245,18375857,-4852,-8701575
2016/8/23,臺股期貨,投信,1333,2392700,131,234481,1202,2158219,2930,5264038,50162,90120952,-47232,-84856914
2016/8/23,臺股期貨,外資及陸資,34670,62091418,27218,48754896,7452,13336522,90184,161979386,10280,18459279,79904,143520107
2016/8/24,臺股期貨,自營商,13667,24525762,13340,23942271,327,583491,4799,8578774,9302,16628650,-4503,-8049876
2016/8/24,臺股期貨,投信,633,1140241,289,518177,344,622064,3103,5556852,49991,89523725,-46888,-83966873
2016/8/24,臺股期貨,外資及陸資,26840,48164619,30303,54380473,-3463,-6215854,86943,155653519,10597,18966596,76346,136686923
2016/8/25,臺股期貨,自營商,15005,27079807,17312,31256983,-2307,-4177176,5646,10217989,12462,22572324,-6816,-12354335
2016/8/25,臺股期貨,投信,948,1715940,125,225573,823,1490367,3250,5895500,49315,89457228,-46065,-83561728
2016/8/25,臺股期貨,外資及陸資,43483,78462393,33268,60059080,10215,18403312,96632,175236928,9954,18043535,86678,157193393
2016/8/26,臺股期貨,自營商,10398,18860387,9327,16913548,1071,1946839,5427,9830693,11085,20097094,-5658,-10266401
2016/8/26,臺股期貨,投信,390,708092,48,86991,342,621102,3262,5923792,48985,88956576,-45723,-83032784
2016/8/26,臺股期貨,外資及陸資,20700,37545804,26419,47915794,-5719,-10369990,90626,164522707,9743,17679147,80883,146843560
2016/8/29,臺股期貨,自營商,23386,42139986,19773,35638878,3613,6501108,6421,11585173,8663,15632306,-2242,-4047133
2016/8/29,臺股期貨,投信,227,410234,1137,2047514,-910,-1637280,2925,5289570,49558,89620500,-46633,-84330930
2016/8/29,臺股期貨,外資及陸資,40942,73815611,45624,82224874,-4682,-8409263,87948,158990829,11887,21479033,76061,137511796
2016/8/30,臺股期貨,自營商,14193,25685761,15249,27600454,-1056,-1914692,5883,10604261,9155,16509340,-3272,-5905079
2016/8/30,臺股期貨,投信,209,379400,129,233186,80,146214,2989,5401123,49542,89522214,-46553,-84121091
2016/8/30,臺股期貨,外資及陸資,28600,51766051,29340,53101435,-740,-1335383,86447,156156748,11200,20219627,75247,135937121
2016/8/31,臺股期貨,自營商,23244,41863170,24415,43980198,-1171,-2117028,5293,9473701,9755,17475923,-4462,-8002222
2016/8/31,臺股期貨,投信,499,902295,1233,2215056,-734,-1312761,3044,5464589,50331,90354026,-47287,-84889437
2016/8/31,臺股期貨,外資及陸資,40686,73297566,38376,69116335,2310,4181232,87935,157805780,10489,18809652,77446,138996128
2016/9/1,臺股期貨,自營商,21188,37835126,20081,35854678,1107,1980448,5846,10422392,9090,16218349,-3244,-5795957
2016/9/1,臺股期貨,投信,299,533744,1293,2312601,-994,-1778858,2728,4878755,51009,91224300,-48281,-86345545
2016/9/1,臺股期貨,外資及陸資,42151,75259435,43693,78005104,-1542,-2745669,88811,158770226,13016,23251207,75795,135519019
2016/9/2,臺股期貨,自營商,11686,20881635,11700,20906437,-14,-24802,6958,12391020,10186,18151752,-3228,-5760732
2016/9/2,臺股期貨,投信,15,26805,198,353743,-183,-326938,2630,4698232,51094,91274099,-48464,-86575867
2016/9/2,臺股期貨,外資及陸資,29536,52793123,27564,49266026,1972,3527098,91034,162554538,13146,23453514,77888,139101024
2016/9/5,臺股期貨,自營商,14501,26219783,17813,32204127,-3312,-5984344,7102,12834265,13645,24686738,-6543,-11852473
2016/9/5,臺股期貨,投信,1607,2905522,244,441925,1363,2463597,2963,5370734,50064,90745879,-47101,-85375145
2016/9/5,臺股期貨,外資及陸資,36866,66643375,27555,49830795,9311,16812581,98810,179024821,11234,20331416,87576,158693405
2016/9/6,臺股期貨,自營商,14792,26972793,15348,27999185,-556,-1026392,7445,13586827,14392,26295955,-6947,-12709128
2016/9/6,臺股期貨,投信,666,1218126,202,368211,464,849915,3006,5501581,49643,90856500,-46637,-85354919
2016/9/6,臺股期貨,外資及陸資,28902,52700240,26810,48894876,2092,3805365,102097,186779418,12470,22793679,89627,163985739
2016/9/7,臺股期貨,自營商,19399,35790417,21262,39233919,-1863,-3443502,6916,12758249,15664,28943525,-8748,-16185276
2016/9/7,臺股期貨,投信,1485,2745253,413,763938,1072,1981316,2997,5546248,48562,89868720,-45565,-84322472
2016/9/7,臺股期貨,外資及陸資,39446,72791102,35732,65957253,3714,6833849,107576,198998497,14366,26557979,93210,172440518
2016/9/8,臺股期貨,自營商,8830,16312783,7367,13607911,1463,2704873,6458,11895127,13656,25192071,-7198,-13296944
2016/9/8,臺股期貨,投信,41,75753,331,611423,-290,-535670,2946,5443577,48801,90174380,-45855,-84730803
2016/9/8,臺股期貨,外資及陸資,16366,30235043,23506,43429269,-7140,-13194226,101034,186614693,15325,28291360,85709,158323333
2016/9/9,臺股期貨,自營商,19452,35554914,15847,28960241,3605,6594673,6824,12420323,10430,18996010,-3606,-6575687
2016/9/9,臺股期貨,投信,121,220738,1903,3475751,-1782,-3255013,2634,4807321,50270,91752700,-47636,-86945379
2016/9/9,臺股期貨,外資及陸資,31794,58106186,42492,77665494,-10698,-19559308,91505,166941916,16515,30116444,74990,136825472
2016/9/10,臺股期貨,自營商,18031,32330127,16953,30395511,1078,1934616,6927,12364170,9309,16619435,-2382,-4255265
2016/9/10,臺股期貨,投信,296,530451,1987,3563182,-1691,-3032730,2394,4286231,51721,92611506,-49327,-88325275
2016/9/10,臺股期貨,外資及陸資,4467,8010457,3662,6567836,805,1442621,92199,165006301,16092,28782806,76107,136223495
2016/9/12,臺股期貨,自營商,20475,36581405,19659,35120488,816,1460917,7188,12743584,8667,15364627,-1479,-2621043
2016/9/12,臺股期貨,投信,4558,8143578,5236,9321950,-678,-1178373,2436,4335427,52441,93314841,-50005,-88979414
2016/9/12,臺股期貨,外資及陸資,43206,77201194,45446,81240979,-2240,-4039785,90195,160419234,16237,28862251,73958,131556983
2016/9/13,臺股期貨,自營商,27292,48584837,25708,45733504,1584,2851333,8459,15019602,8464,15013376,-5,6226
2016/9/13,臺股期貨,投信,5656,10075512,5776,10260562,-120,-185050,2441,4344402,52566,93568564,-50125,-89224162
2016/9/13,臺股期貨,外資及陸資,51688,92007072,54183,96533134,-2495,-4526062,90173,160460652,18624,33136915,71549,127323737
2016/9/14,臺股期貨,自營商,18104,32180891,18300,32539830,-196,-358939,10342,18303535,10558,18679685,-216,-376150
2016/9/14,臺股期貨,投信,6387,11363463,6725,11929126,-338,-565663,2298,4074613,52761,93568843,-50463,-89494230
2016/9/14,臺股期貨,外資及陸資,42789,76083108,42352,75337725,437,745383,88976,157760970,16806,29792644,72170,127968326
2016/9/19,臺股期貨,自營商,27944,50714870,28877,52445915,-933,-1731045,10423,19019307,11571,21100682,-1148,-2081375
2016/9/19,臺股期貨,投信,22103,40268694,18726,34021505,3377,6247189,2710,4951328,49796,90955484,-47086,-86004156
2016/9/19,臺股期貨,外資及陸資,87040,158089691,77859,141627295,9181,16462397,99499,181744660,17831,32576074,81668,149168586
2016/9/20,臺股期貨,自營商,19585,35762752,18411,33609443,1174,2153309,9802,17867274,10151,18466235,-349,-598961
2016/9/20,臺股期貨,投信,14908,27251165,15572,28378399,-664,-1127234,2693,4906356,50443,91903252,-47750,-86996896
2016/9/20,臺股期貨,外資及陸資,59331,108257644,63517,115996256,-4186,-7738612,103955,189499044,26634,48594427,77321,140904617
2016/9/21,臺股期貨,自營商,25660,46943459,29263,53586669,-3603,-6643209,5430,9918514,9631,17611681,-4201,-7693167
2016/9/21,臺股期貨,投信,2856,5227967,2152,3922593,704,1305374,2848,5219658,49556,90836049,-46708,-85616391
2016/9/21,臺股期貨,外資及陸資,42037,76749290,36558,66787352,5479,9961939,85211,156130644,10514,19249154,74697,136881490
2016/9/22,臺股期貨,自營商,15294,28127160,14403,26477480,891,1649680,6569,12031767,9856,18065340,-3287,-6033573
2016/9/22,臺股期貨,投信,183,336410,1077,1978887,-894,-1642477,2903,5333286,50505,92797793,-47602,-87464507
2016/9/22,臺股期貨,外資及陸資,34856,64113537,35186,64724582,-330,-611044,85484,157009541,10904,20012872,74580,136996669
2016/9/23,臺股期貨,自營商,10710,19758927,11510,21237289,-800,-1478361,7080,13037785,11145,20542967,-4065,-7505182
2016/9/23,臺股期貨,投信,574,1060401,400,737889,174,322512,2980,5503943,50408,93113155,-47428,-87609212
2016/9/23,臺股期貨,外資及陸資,29703,54783702,24501,45189434,5202,9594268,89500,165264365,9569,17653688,79931,147610677
2016/9/26,臺股期貨,自營商,10576,19393146,12304,22567146,-1728,-3174000,6029,10995641,11823,21596244,-5794,-10600603
2016/9/26,臺股期貨,投信,294,539297,1341,2455613,-1047,-1916317,2948,5395306,51423,94124172,-48475,-88728866
2016/9/26,臺股期貨,外資及陸資,26801,49162720,28627,52515912,-1826,-3353192,88681,162261060,10622,19419483,78059,142841577
2016/9/29,臺股期貨,自營商,19551,36190802,22624,41896565,-3073,-5705763,5240,9649043,14003,25864219,-8763,-16215176
2016/9/29,臺股期貨,投信,1293,2392372,200,370675,1093,2021697,3240,5993965,50623,93662154,-47383,-87668189
2016/9/29,臺股期貨,外資及陸資,43320,80201227,35971,66579639,7349,13621588,94589,174944188,9110,16830539,85479,158113649
2016/9/30,臺股期貨,自營商,16164,29619305,15961,29234122,203,385183,5850,10640003,14320,26102404,-8470,-15462401
2016/9/30,臺股期貨,投信,122,223201,1472,2691202,-1350,-2468001,2954,5393309,51687,94379924,-48733,-88986615
2016/9/30,臺股期貨,外資及陸資,39049,71552743,43949,80530183,-4900,-8977441,90805,165744296,10299,18779494,80506,146964802
2016/10/3,臺股期貨,自營商,12051,22160902,11139,20484216,912,1676686,6253,11450893,13857,25429080,-7604,-13978187
2016/10/3,臺股期貨,投信,278,511487,95,174339,183,337149,3094,5687896,51644,94952130,-48550,-89264234
2016/10/3,臺股期貨,外資及陸資,30547,56164049,28997,53311954,1550,2852095,92641,170258681,10462,19205465,82179,151053216
2016/10/4,臺股期貨,自營商,13269,24494838,12392,22872590,877,1622248,7267,13394728,13858,25589620,-6591,-12194892
2016/10/4,臺股期貨,投信,1454,2688735,526,971936,928,1716799,3769,6972647,51391,95083052,-47622,-88110405
2016/10/4,臺股期貨,外資及陸資,27733,51175902,23500,43364734,4233,7811167,96802,179025159,10305,19034282,86497,159990877
2016/10/5,臺股期貨,自營商,10667,19698752,11424,21098954,-757,-1400203,5303,9747313,12595,23220175,-7292,-13472862
2016/10/5,臺股期貨,投信,61,112764,175,323091,-114,-210328,3663,6767075,51399,94964249,-47736,-88197174
2016/10/5,臺股期貨,外資及陸資,23184,42836070,22451,41481645,733,1354425,98243,181436384,11121,20515450,87122,160920934
2016/10/6,臺股期貨,自營商,12148,22445464,11520,21279632,628,1165832,5844,10767727,12449,22996377,-6605,-12228650
2016/10/6,臺股期貨,投信,517,957427,136,251491,381,705936,3733,6910581,51088,94583763,-47355,-87673182
2016/10/6,臺股期貨,外資及陸資,28813,53238451,28798,53213996,15,24456,98338,181983305,11021,20370201,87317,161613104
2016/10/7,臺股期貨,自營商,6145,11363000,7035,13012879,-890,-1649878,6669,12280066,14074,25985367,-7405,-13705301
2016/10/7,臺股期貨,投信,100,185086,159,294000,-59,-108915,3593,6647090,51007,94372556,-47414,-87725466
2016/10/7,臺股期貨,外資及陸資,21467,39716882,20610,38126050,857,1590832,100800,186414062,12649,23359571,88151,163054491
2016/10/11,臺股期貨,自營商,25662,47375823,24712,45633099,950,1742724,7155,13089335,13661,25054295,-6506,-11964960
2016/10/11,臺股期貨,投信,2593,4762292,3764,6898387,-1171,-2136095,3248,5968528,51833,95244022,-48585,-89275494
2016/10/11,臺股期貨,外資及陸資,62365,115225380,68101,125807739,-5736,-10582359,103884,190812561,21202,38911172,82682,151901389
2016/10/12,臺股期貨,自營商,17489,32267833,16461,30337502,1028,1930331,6182,11393778,11917,22011828,-5735,-10618050
2016/10/12,臺股期貨,投信,3591,6629166,2958,5442615,633,1186552,2977,5512183,50929,94284601,-47952,-88772418
2016/10/12,臺股期貨,外資及陸資,41123,75762539,32541,59994778,8582,15767761,110838,205104953,19136,35383823,91702,169721130
2016/10/13,臺股期貨,自營商,19335,35624667,15031,27688564,4304,7936103,10513,19289901,11942,21921820,-1429,-2631919
2016/10/13,臺股期貨,投信,5609,10337101,5675,10428477,-66,-91376,3119,5739001,51137,94052328,-48018,-88313327
2016/10/13,臺股期貨,外資及陸資,42779,78783193,53379,98342660,-10600,-19559467,105110,193254299,24413,44861680,80697,148392619
2016/10/14,臺股期貨,自營商,14720,27025135,15079,27684230,-359,-659095,10771,19699396,12739,23306142,-1968,-3606746
2016/10/14,臺股期貨,投信,5567,10219238,6470,11855192,-903,-1635954,2988,5475770,51909,95109474,-48921,-89633704
2016/10/14,臺股期貨,外資及陸資,44594,81888440,45882,84276775,-1288,-2388335,103073,188800783,23658,43315955,79415,145484828
2016/10/17,臺股期貨,自營商,31369,57259179,27689,50507282,3680,6751897,12665,23183675,11739,21455831,926,1727844
2016/10/17,臺股期貨,投信,23957,43746827,24037,43803095,-80,-56268,2967,5432866,51968,95098213,-49001,-89665347
2016/10/17,臺股期貨,外資及陸資,97927,178680180,100279,183085458,-2352,-4405278,109666,200694176,32807,60076157,76859,140618019
2016/10/18,臺股期貨,自營商,25638,47107874,27905,51273015,-2267,-4165142,12180,22401532,13741,25258789,-1561,-2857257
2016/10/18,臺股期貨,投信,13775,25319980,12014,22021801,1761,3298179,3055,5621026,50295,92525250,-47240,-86904224
2016/10/18,臺股期貨,外資及陸資,70368,129217752,65694,120719507,4674,8498245,110510,203300944,28721,52855834,81789,150445110
2016/10/19,臺股期貨,自營商,32025,59327259,35227,65275634,-3202,-5948375,3816,7032473,12016,22205410,-8200,-15172937
2016/10/19,臺股期貨,投信,2598,4808411,1241,2297647,1357,2510763,3232,5978446,49151,90919147,-45919,-84940701
2016/10/19,臺股期貨,外資及陸資,44524,82405886,39148,72484757,5376,9921129,95396,176408024,11427,21114320,83969,155293704
2016/10/20,臺股期貨,自營商,13259,24582698,13312,24683872,-53,-101174,4277,7908307,12278,22758725,-8001,-14850418
2016/10/20,臺股期貨,投信,548,1016726,224,414770,324,601957,3243,6016950,48838,90613639,-45595,-84596689
2016/10/20,臺股期貨,外資及陸資,30340,56259793,28785,53372613,1555,2887180,97625,181073012,12322,22838109,85303,158234903
2016/10/21,臺股期貨,自營商,14834,27535431,15815,29344775,-981,-1809344,4371,8073740,13142,24329758,-8771,-16256018
2016/10/21,臺股期貨,投信,236,439095,158,293185,78,145910,3260,6040024,48778,90375520,-45518,-84335496
2016/10/21,臺股期貨,外資及陸資,33847,62830491,32474,60267009,1373,2563482,99541,184367258,12816,23722153,86725,160645105
2016/10/24,臺股期貨,自營商,12026,22363175,11334,21077662,692,1285513,4914,9122963,12834,23875604,-7920,-14752641
2016/10/24,臺股期貨,投信,281,523087,28,52017,253,471070,3319,6179210,48584,90453317,-45265,-84274107
2016/10/24,臺股期貨,外資及陸資,32266,60014495,28973,53884655,3293,6129840,102465,190705919,12146,22590018,90319,168115901
2016/10/25,臺股期貨,自營商,14552,27195116,15064,28175497,-512,-980381,6219,11634388,13856,25964797,-7637,-14330409
2016/10/25,臺股期貨,投信,990,1856034,314,588677,676,1267357,3160,5924908,47749,89529044,-44589,-83604136
2016/10/25,臺股期貨,外資及陸資,31070,58091915,28071,52473565,2999,5618350,105662,198057305,12554,23516405,93108,174540900
2016/10/26,臺股期貨,自營商,12006,22424860,12681,23683237,-675,-1258377,3383,6289449,11769,21954625,-8386,-15665176
2016/10/26,臺股期貨,投信,41,76553,513,957641,-472,-881088,3110,5805656,48171,89925269,-45061,-84119613
2016/10/26,臺股期貨,外資及陸資,22362,41774178,28556,53347706,-6194,-11573528,100396,187362110,13468,25119297,86928,162242813
2016/10/27,臺股期貨,自營商,17159,31907416,16067,29874766,1092,2032650,3531,6534114,10888,20209111,-7357,-13674997
2016/10/27,臺股期貨,投信,151,280613,908,1686797,-757,-1406184,2693,5002433,48511,90113710,-45818,-85111277
2016/10/27,臺股期貨,外資及陸資,34824,64778973,38951,72450057,-4127,-7671084,96916,179976924,14176,26311021,82740,153665903
2016/10/28,臺股期貨,自營商,10675,19810676,10634,19732951,41,77725,3373,6235536,10296,19092533,-6923,-12856997
2016/10/28,臺股期貨,投信,208,386684,220,408210,-12,-21526,2676,4966049,48506,90017142,-45830,-85051093
2016/10/28,臺股期貨,外資及陸資,26504,49208018,26722,49611425,-218,-403408,96548,179123330,13990,25941510,82558,153181820
2016/10/31,臺股期貨,自營商,20748,38332966,21566,39859957,-818,-1526991,3172,5865683,10744,19936842,-7572,-14071159
2016/10/31,臺股期貨,投信,1056,1956498,353,651744,703,1304754,2677,4970585,47804,88762175,-45127,-83791590
2016/10/31,臺股期貨,外資及陸資,40390,74632238,39709,73332808,681,1299430,95438,177159684,12781,23710650,82657,153449034
2016/11/1,臺股期貨,自營商,15153,28077002,13344,24714999,1809,3362003,4290,7937362,10041,18618787,-5751,-10681425
2016/11/1,臺股期貨,投信,415,769850,178,329978,237,439873,2716,5039745,47606,88337416,-44890,-83297671
2016/11/1,臺股期貨,外資及陸資,25804,47814782,28998,53720497,-3194,-5905715,92871,172281790,13516,25059709,79355,147222081
2016/11/2,臺股期貨,自營商,26880,49324657,25226,46294938,1654,3029719,4284,7827752,8341,15261699,-4057,-7433947
2016/11/2,臺股期貨,投信,64,117406,1559,2855142,-1495,-2737735,2589,4741955,48974,89700532,-46385,-84958577
2016/11/2,臺股期貨,外資及陸資,36583,67153707,44686,82041961,-8103,-14888254,87488,160195640,16505,30208992,70983,129986648
2016/11/3,臺股期貨,自營商,19379,35314155,18862,34381956,517,932200,3468,6285815,7171,13018776,-3703,-6732961
2016/11/3,臺股期貨,投信,251,458350,1039,1889298,-788,-1430947,2503,4549388,49676,90290619,-47173,-85741231
2016/11/3,臺股期貨,外資及陸資,33101,60339553,38700,70543861,-5599,-10204307,84565,153654152,19321,35091550,65244,118562602
2016/11/4,臺股期貨,自營商,11059,20051143,10057,18229237,1002,1821907,3577,6468844,6337,11472601,-2760,-5003757
2016/11/4,臺股期貨,投信,110,199617,198,358915,-88,-159298,2468,4473442,49729,90138350,-47261,-85664908
2016/11/4,臺股期貨,外資及陸資,28155,51069980,28534,51755983,-379,-686003,84175,152528229,19424,35182258,64751,117345971
2016/11/7,臺股期貨,自營商,17573,32203260,17672,32411418,-99,-208158,4106,7527865,6945,12757888,-2839,-5230023
2016/11/7,臺股期貨,投信,2198,4039254,474,870699,1724,3168555,2852,5245322,48389,88996252,-45537,-83750930
2016/11/7,臺股期貨,外資及陸資,30323,55595762,26483,48557445,3840,7038317,86617,159239368,18096,33246809,68521,125992559
2016/11/8,臺股期貨,自營商,16886,31064029,15861,29181837,1025,1882192,5303,9752386,7063,13012194,-1760,-3259808
2016/11/8,臺股期貨,投信,2356,4338088,1832,3363306,524,974782,2911,5369547,47924,88391947,-45013,-83022400
2016/11/8,臺股期貨,外資及陸資,30735,56545013,30775,56623779,-40,-78766,87311,160977572,18605,34280845,68706,126696727
2016/11/9,臺股期貨,自營商,70204,127304053,69519,126157916,685,1146138,6822,12154647,7967,14200096,-1145,-2045449
2016/11/9,臺股期貨,投信,5160,9405224,9207,16647592,-4047,-7242367,2396,4277256,51456,91826304,-49060,-87549048
2016/11/9,臺股期貨,外資及陸資,143771,260827510,146899,266556995,-3128,-5729485,86161,153729784,20697,36914965,65464,116814819
2016/11/10,臺股期貨,自營商,19858,36388701,17824,32675738,2034,3712963,7145,13083861,6187,11334588,958,1749273
2016/11/10,臺股期貨,投信,8487,15569598,5385,9848641,3102,5720957,2539,4659509,48497,88955402,-45958,-84295893
2016/11/10,臺股期貨,外資及陸資,53477,98018861,51787,94956644,1690,3062217,86329,158328031,19489,35737420,66840,122590611
2016/11/11,臺股期貨,自營商,30723,55211797,31046,55791356,-323,-579559,7675,13736516,6790,12154401,885,1582115
2016/11/11,臺股期貨,投信,7049,12665130,8345,14963283,-1296,-2298153,2509,4497897,49763,89168188,-47254,-84670291
2016/11/11,臺股期貨,外資及陸資,66159,118869611,72687,130649202,-6528,-11779591,84082,150656749,24231,43415539,59851,107241210
2016/11/14,臺股期貨,自營商,29832,53291825,29571,52799106,261,492718,8212,14677469,7123,12723180,1089,1954289
2016/11/14,臺股期貨,投信,24557,43895092,24055,42923474,502,971618,2576,4606665,49328,88188562,-46752,-83581897
2016/11/14,臺股期貨,外資及陸資,84614,151058827,81917,146347711,2697,4711116,87259,155996957,25071,44826305,62188,111170652
2016/11/15,臺股期貨,自營商,22317,39902877,24903,44522803,-2586,-4619926,7004,12492301,8654,15436661,-1650,-2944360
2016/11/15,臺股期貨,投信,7332,13122381,6985,12485118,347,637262,2640,4712032,49045,87477712,-46405,-82765680
2016/11/15,臺股期貨,外資及陸資,75127,134344140,70573,126216009,4554,8128131,94453,168518245,27917,49828167,66536,118690078
2016/11/16,臺股期貨,自營商,30414,54691910,26640,47910463,3774,6781447,6304,11282078,5317,9510533,987,1771545
2016/11/16,臺股期貨,投信,2083,3737494,987,1774096,1096,1963398,2641,4730559,48048,86063347,-45407,-81332788
2016/11/16,臺股期貨,外資及陸資,37109,66647496,39279,70561903,-2170,-3914406,76657,137288626,14165,25359915,62492,111928711
2016/11/17,臺股期貨,自營商,12676,22664387,12605,22531946,71,132441,6331,11331920,5392,9647220,939,1684700
2016/11/17,臺股期貨,投信,117,209440,235,419206,-118,-209766,2653,4754176,48178,86334441,-45525,-81580265
2016/11/17,臺股期貨,外資及陸資,34435,61574718,33562,60013320,873,1561397,78125,139979395,15094,27034728,63031,112944667
2016/11/18,臺股期貨,自營商,12452,22323517,13228,23726937,-776,-1403420,6067,10890564,5840,10480383,227,410181
2016/11/18,臺股期貨,投信,993,1784772,93,166926,900,1617846,2772,4982393,47397,85190819,-44625,-80208426
2016/11/18,臺股期貨,外資及陸資,35076,62885410,32322,57925182,2754,4960229,82391,148067446,16511,29663183,65880,118404263
2016/11/21,臺股期貨,自營商,9362,16858180,8137,14650152,1225,2208027,6595,11877776,5126,9227186,1469,2650590
2016/11/21,臺股期貨,投信,765,1378128,47,84740,718,1293388,2852,5143297,46759,84324625,-43907,-79181328
2016/11/21,臺股期貨,外資及陸資,21799,39242314,21259,38272473,540,969841,81778,147455108,15576,28075940,66202,119379168
2016/11/22,臺股期貨,自營商,17780,32383683,21693,39548006,-3913,-7164323,5559,10139959,8013,14628535,-2454,-4488576
2016/11/22,臺股期貨,投信,2231,4070254,387,706778,1844,3363476,3126,5713703,45189,82595951,-42063,-76882248
2016/11/22,臺股期貨,外資及陸資,37474,68291869,28917,52682479,8557,15609390,89337,163263739,14314,26146842,75023,137116897
2016/11/23,臺股期貨,自營商,12942,23725570,13679,25082623,-737,-1357053,5059,9256507,8404,15402849,-3345,-6146342
2016/11/23,臺股期貨,投信,660,1210729,111,203429,549,1007301,3237,5941103,44768,82166707,-41531,-76225604
2016/11/23,臺股期貨,外資及陸資,25939,47566774,24439,44809293,1500,2757481,89828,164840788,13116,24056385,76712,140784403
2016/11/24,臺股期貨,自營商,10637,19449159,10934,19982920,-297,-533761,4906,8945517,8618,15734194,-3712,-6788677
2016/11/24,臺股期貨,投信,317,579918,441,805968,-124,-226049,3338,6103124,44993,82264745,-41655,-76161621
2016/11/24,臺股期貨,外資及陸資,24750,45254215,27638,50537492,-2888,-5283276,88326,161464768,14636,26744298,73690,134720470
2016/11/25,臺股期貨,自營商,10151,18603710,11566,21195376,-1415,-2591666,4752,8683278,9812,17954498,-5060,-9271220
2016/11/25,臺股期貨,投信,161,295297,131,239906,30,55391,3358,6152452,44983,82417405,-41625,-76264953
2016/11/25,臺股期貨,外資及陸資,27441,50295170,25207,46194978,2234,4100192,90559,165887274,14469,26493727,76090,139393547
2016/11/28,臺股期貨,自營商,14780,27224571,16425,30267721,-1645,-3043149,4647,8544576,11236,20701227,-6589,-12156651
2016/11/28,臺股期貨,投信,797,1470201,131,241644,666,1228558,3334,6149821,44293,81702419,-40959,-75552598
2016/11/28,臺股期貨,外資及陸資,35805,65970941,30892,56911427,4913,9059514,97027,178938645,15828,29177601,81199,149761044
2016/11/29,臺股期貨,自營商,11663,21494349,11588,21349669,75,144680,4830,8862035,11320,20806518,-6490,-11944483
2016/11/29,臺股期貨,投信,88,162422,225,414106,-137,-251684,3303,6078753,44395,81704110,-41092,-75625357
2016/11/29,臺股期貨,外資及陸資,26842,49479614,29510,54401778,-2668,-4922164,94931,174671159,16694,30704470,78237,143966689
2016/11/30,臺股期貨,自營商,17500,32238470,18178,33489192,-678,-1250722,4007,7364279,11225,20686900,-7218,-13322621
2016/11/30,臺股期貨,投信,276,509402,139,255752,137,253651,3295,6080496,44250,81658495,-40955,-75577999
2016/11/30,臺股期貨,外資及陸資,31610,58250299,29819,54951821,1791,3298477,97027,179012687,16968,31293208,80059,147719479
2016/12/1,臺股期貨,自營商,13492,24968402,13054,24160621,438,807781,4155,7664032,10959,20270102,-6804,-12606070
2016/12/1,臺股期貨,投信,684,1266993,146,270198,538,996794,3386,6270788,43803,81122718,-40417,-74851930
2016/12/1,臺股期貨,外資及陸資,31515,58324405,31474,58242393,41,82012,98856,183040966,18669,34556047,80187,148484919
2016/12/2,臺股期貨,自營商,18342,33631829,15152,27770766,3190,5861062,4854,8867727,8426,15412005,-3572,-6544278
2016/12/2,臺股期貨,投信,207,379460,1178,2159786,-971,-1780325,3312,6069483,44700,81916784,-41388,-75847301
2016/12/2,臺股期貨,外資及陸資,28418,52101955,37399,68578156,-8981,-16476201,92091,168725289,21224,38874353,70867,129850936
2016/12/5,臺股期貨,自營商,13898,25427328,14907,27279351,-1009,-1852022,4819,8791388,9450,17278271,-4631,-8486883
2016/12/5,臺股期貨,投信,116,212707,747,1366355,-631,-1153648,2963,5426337,44982,82379540,-42019,-76953203
2016/12/5,臺股期貨,外資及陸資,30584,55985579,29275,53574881,1309,2410698,93214,170665905,20783,38029818,72431,132636087
2016/12/6,臺股期貨,自營商,15548,28787760,18515,34292687,-2967,-5504927,6414,11839978,13953,25819811,-7539,-13979833
2016/12/6,臺股期貨,投信,1531,2835145,459,850344,1072,1984800,2918,5405147,43865,81254833,-40947,-75849686
2016/12/6,臺股期貨,外資及陸資,32070,59415513,24591,45560428,7479,13855085,100604,186312027,20458,37862986,80146,148449041
2016/12/7,臺股期貨,自營商,14743,27338920,13443,24925903,1300,2413017,4490,8285956,10613,19635384,-6123,-11349428
2016/12/7,臺股期貨,投信,261,484659,152,281854,109,202806,2958,5479263,43796,81127090,-40838,-75647827
2016/12/7,臺股期貨,外資及陸資,21575,40007034,26675,49473648,-5100,-9466613,96898,179442383,21814,40376626,75084,139065757
2016/12/8,臺股期貨,自營商,15636,29220044,15830,29588641,-194,-368597,5505,10275900,11832,22143806,-6327,-11867906
2016/12/8,臺股期貨,投信,1017,1904263,89,166461,928,1737802,3143,5888558,43053,80663495,-39910,-74774937
2016/12/8,臺股期貨,外資及陸資,27515,51438897,23445,43824989,4070,7613908,100066,187425854,20763,38867808,79303,148558046
2016/12/9,臺股期貨,自營商,8245,15469667,8829,16561162,-584,-1091495,5975,11183064,12843,24091715,-6868,-12908651
2016/12/9,臺股期貨,投信,292,548343,300,562967,-8,-14624,2944,5528085,42862,80485682,-39918,-74957597
2016/12/9,臺股期貨,外資及陸資,21768,40850670,18357,34453366,3411,6397305,101964,191409568,19219,36056864,82745,155352704
2016/12/12,臺股期貨,自營商,16846,31641161,17259,32399265,-413,-758104,5564,10377543,13170,24616684,-7606,-14239141
2016/12/12,臺股期貨,投信,275,516472,677,1267792,-402,-751320,2943,5506758,43263,80953180,-40320,-75446422
2016/12/12,臺股期貨,外資及陸資,31967,60026266,37436,70303190,-5469,-10276924,99937,186940146,22526,42118129,77411,144822017
2016/12/13,臺股期貨,自營商,8419,15764320,6877,12874363,1542,2889957,6336,11851696,12377,23188836,-6041,-11337140
2016/12/13,臺股期貨,投信,210,393792,149,278596,61,115195,2963,5557833,43222,81075204,-40259,-75517371
2016/12/13,臺股期貨,外資及陸資,24646,46140092,24453,45786783,193,353309,98881,185412345,21235,39795165,77646,145617180
2016/12/14,臺股期貨,自營商,11993,22493638,11298,21183424,695,1310214,6462,12072727,11886,22242136,-5424,-10169409
2016/12/14,臺股期貨,投信,1815,3401998,1910,3573969,-95,-171971,2916,5463817,43270,81072822,-40354,-75609005
2016/12/14,臺股期貨,外資及陸資,21212,39775806,24127,45254793,-2915,-5478987,97194,182042575,22287,41719884,74907,140322691
2016/12/15,臺股期貨,自營商,17194,32099878,16851,31450522,343,649356,6620,12369953,11716,21923886,-5096,-9553933
2016/12/15,臺股期貨,投信,3692,6898322,3684,6872552,8,25770,2922,5474497,43268,81050671,-40346,-75576174
2016/12/15,臺股期貨,外資及陸資,39411,73595013,41424,77359216,-2013,-3764202,95945,179674945,23202,43430428,72743,136244517
2016/12/16,臺股期貨,自營商,16822,31434563,15664,29253697,1158,2180866,6620,12302098,10557,19630627,-3937,-7328529
2016/12/16,臺股期貨,投信,8038,15025610,8501,15871312,-463,-845703,2782,5179972,43591,81149250,-40809,-75969278
2016/12/16,臺股期貨,外資及陸資,31695,59207121,40016,74795898,-8321,-15588777,87781,163379572,23483,43700477,64298,119679095
2016/12/19,臺股期貨,自營商,19986,37064532,22372,41495224,-2386,-4430692,5160,9513438,11586,21388878,-6426,-11875440
2016/12/19,臺股期貨,投信,24076,44681225,25180,46676585,-1104,-1995360,2553,4717241,44466,82127937,-41913,-77410696
2016/12/19,臺股期貨,外資及陸資,57825,107266040,56251,104387892,1574,2878148,84754,156550784,18947,34996288,65807,121554496
2016/12/20,臺股期貨,自營商,21951,40545731,17920,33095236,4031,7450495,7893,14594523,10512,19440088,-2619,-4845565
2016/12/20,臺股期貨,投信,8373,15461124,8389,15484689,-16,-23565,2500,4627073,44429,82220670,-41929,-77593597
2016/12/20,臺股期貨,外資及陸資,55700,102840252,61180,112973192,-5480,-10132941,83022,153633926,22602,41829478,60420,111804448
2016/12/21,臺股期貨,自營商,21530,39781148,20270,37457315,1260,2323833,3633,6683638,6969,12843755,-3336,-6160117
2016/12/21,臺股期貨,投信,522,964787,432,797992,90,166796,2234,4121684,44250,81641131,-42016,-77519447
2016/12/21,臺股期貨,外資及陸資,26971,49839627,29988,55414947,-3017,-5575320,71883,132604129,13792,25435078,58091,107169051
2016/12/22,臺股期貨,自營商,13344,24441263,14200,26015601,-856,-1574338,4807,8756577,8947,16315158,-4140,-7558581
2016/12/22,臺股期貨,投信,149,272612,702,1283035,-553,-1010422,2190,3998026,44759,81711935,-42569,-77713909
2016/12/22,臺股期貨,外資及陸資,25140,46084557,29056,53281197,-3916,-7196641,71640,130768813,17656,32223291,53984,98545522
2016/12/23,臺股期貨,自營商,11307,20599986,11235,20462062,72,137924,5050,9163367,9049,16434370,-3999,-7271003
2016/12/23,臺股期貨,投信,220,401061,275,500501,-55,-99440,2142,3894960,44766,81402386,-42624,-77507426
2016/12/23,臺股期貨,外資及陸資,24213,44123115,24789,45177645,-576,-1054530,70198,127628713,17184,31236165,53014,96392548
2016/12/26,臺股期貨,自營商,7581,13814661,6815,12414433,766,1400228,5203,9475619,8360,15235421,-3157,-5759802
2016/12/26,臺股期貨,投信,601,1096370,52,94680,549,1001690,2145,3914141,44220,80692550,-42075,-76778409
2016/12/26,臺股期貨,外資及陸資,12726,23185790,12768,23263235,-42,-77444,70601,128813247,17716,32316911,52885,96496336
2016/12/27,臺股期貨,自營商,4657,8490265,4521,8241074,136,249191,5267,9580306,8269,15051084,-3002,-5470778
2016/12/27,臺股期貨,投信,32,58367,41,74723,-9,-16357,2143,3905777,44227,80608026,-42084,-76702249
2016/12/27,臺股期貨,外資及陸資,10298,18775061,10950,19963470,-652,-1188409,69650,126925369,17502,31887939,52148,95037430
2016/12/28,臺股期貨,自營商,13807,25335390,12973,23822149,834,1513241,5324,9784676,7443,13688783,-2119,-3904107
2016/12/28,臺股期貨,投信,1572,2891721,125,229919,1447,2661802,2217,4084090,42854,78945520,-40637,-74861430
2016/12/28,臺股期貨,外資及陸資,24426,44829591,20044,36788427,4382,8041164,71786,132222749,15093,27791096,56693,104431653
2016/12/29,臺股期貨,自營商,8079,14845647,9471,17401426,-1392,-2555779,4744,8688033,8136,14916972,-3392,-6228939
2016/12/29,臺股期貨,投信,253,465551,72,132235,181,333316,2252,4135067,42708,78420314,-40456,-74285247
2016/12/29,臺股期貨,外資及陸資,24545,45110921,21248,39054875,3297,6056046,73487,134916625,13442,24669769,60045,110246856
2016/12/30,臺股期貨,自營商,14946,27652268,14501,26826044,445,826224,5835,10782498,8783,16247610,-2948,-5465112
2016/12/30,臺股期貨,投信,1070,1979803,64,118263,1006,1861540,2713,5025348,42163,78102580,-39450,-73077232
2016/12/30,臺股期貨,外資及陸資,31098,57533973,28922,53512968,2176,4021005,76232,141189762,13629,25231793,62603,115957969
2017/1/3,臺股期貨,自營商,11262,20853554,8686,16078513,2576,4775041,7593,14065396,7948,14729103,-355,-663707
2017/1/3,臺股期貨,投信,122,226170,102,188433,20,37737,2721,5049945,42151,78232085,-39430,-73182140
2017/1/3,臺股期貨,外資及陸資,23744,43951140,27092,50153994,-3348,-6202854,73071,135595738,13653,25324163,59418,110271575
2017/1/4,臺股期貨,自營商,11280,20929516,13284,24642993,-2004,-3713476,5689,10522072,8098,14992221,-2409,-4470149
2017/1/4,臺股期貨,投信,195,361655,54,100124,141,261531,2832,5250912,42121,78100561,-39289,-72849649
2017/1/4,臺股期貨,外資及陸資,21667,40204316,24098,44715422,-2431,-4511105,71394,132356111,14127,26178845,57267,106177266
2017/1/5,臺股期貨,自營商,15702,29250725,15227,28381437,475,869287,7404,13793915,9349,17442312,-1945,-3648397
2017/1/5,臺股期貨,投信,1037,1936943,171,319114,866,1617829,2945,5502222,41368,77291587,-38423,-71789365
2017/1/5,臺股期貨,外資及陸資,35727,66561413,28596,53266774,7131,13294639,78269,146210458,13724,25616028,64545,120594430
2017/1/6,臺股期貨,自營商,8826,16518940,8416,15752587,410,766353,7953,14853240,9415,17608660,-1462,-2755420
2017/1/6,臺股期貨,投信,171,320251,154,288318,17,31933,2860,5356567,41266,77290833,-38406,-71934266
2017/1/6,臺股期貨,外資及陸資,19343,36206124,17870,33445655,1473,2760469,79691,149232999,13528,25309805,66163,123923194
2017/1/9,臺股期貨,自營商,17039,31907380,16193,30321567,846,1585813,7510,13992413,8207,15308965,-697,-1316552
2017/1/9,臺股期貨,投信,77,144514,465,869150,-388,-724637,2775,5184660,41569,77667236,-38794,-72482576
2017/1/9,臺股期貨,外資及陸資,30196,56555176,34060,63784325,-3864,-7229149,76915,143681947,14615,27280061,62300,116401886
2017/1/10,臺股期貨,自營商,9328,17413721,10512,19618954,-1184,-2205233,6533,12166139,8435,15731089,-1902,-3564950
2017/1/10,臺股期貨,投信,148,276353,390,727732,-242,-451379,2713,5068120,41749,77994852,-39036,-72926732
2017/1/10,臺股期貨,外資及陸資,23510,43890310,20482,38238970,3028,5651339,79639,148752595,14342,26765936,65297,121986659
2017/1/11,臺股期貨,自營商,14410,26958430,14423,26988750,-13,-30320,6701,12471534,8577,15989552,-1876,-3518018
2017/1/11,臺股期貨,投信,1756,3283118,1605,2999154,151,283964,2649,4946496,41534,77558287,-38885,-72611791
2017/1/11,臺股期貨,外資及陸資,26121,48873332,28248,52848921,-2127,-3975589,79603,148621827,16362,30525097,63241,118096730
2017/1/12,臺股期貨,自營商,20862,39231364,19621,36915198,1241,2316166,8031,15063320,8555,16074460,-524,-1011140
2017/1/12,臺股期貨,投信,5274,9929942,4795,9021379,479,908564,2713,5105796,41119,77384543,-38406,-72278747
2017/1/12,臺股期貨,外資及陸資,42117,79211241,34047,64055194,8070,15156047,86634,163021219,15052,28295890,71582,134725329
2017/1/13,臺股期貨,自營商,12055,22607471,11487,21534348,568,1073123,8772,16400492,9160,17146845,-388,-746353
2017/1/13,臺股期貨,投信,7135,13379108,7696,14422399,-561,-1043291,2682,5027774,41649,78076081,-38967,-73048307
2017/1/13,臺股期貨,外資及陸資,29837,55941924,36364,68197192,-6527,-12255268,81917,153549115,16980,31804542,64937,121744573
2017/1/16,臺股期貨,自營商,22382,41631108,22327,41520181,55,110926,10959,20310921,11569,21460474,-610,-1149553
2017/1/16,臺股期貨,投信,20863,38766656,22295,41436130,-1432,-2669474,2271,4217506,42670,79244901,-40399,-75027395
2017/1/16,臺股期貨,外資及陸資,69432,129094841,76457,142167377,-7025,-13072535,84873,157600310,27026,50160595,57847,107439715
2017/1/17,臺股期貨,自營商,18364,34247946,16830,31391265,1534,2856680,11732,21867960,10892,20308739,840,1559221
2017/1/17,臺股期貨,投信,9798,18279627,9326,17388247,472,891380,2417,4512272,42344,79047879,-39927,-74535607
2017/1/17,臺股期貨,外資及陸資,58772,109588622,52885,98625993,5887,10962629,91928,171616150,28087,52422256,63841,119193894
2017/1/18,臺股期貨,自營商,22440,41855896,20135,37564057,2305,4291839,5935,11015412,8538,15880637,-2603,-4865225
2017/1/18,臺股期貨,投信,189,352299,1082,2016162,-893,-1663864,2301,4287197,43127,80354226,-40826,-76067029
2017/1/18,臺股期貨,外資及陸資,27481,51232049,35857,66853481,-8376,-15621432,75995,141572066,21370,39786821,54625,101785245
2017/1/19,臺股期貨,自營商,23069,42930838,22623,42107604,446,823234,13696,25441971,15876,29514034,-2180,-4072063
2017/1/19,臺股期貨,投信,231,431010,229,425747,2,5264,2288,4257488,43112,80222810,-40824,-75965322
2017/1/19,臺股期貨,外資及陸資,35339,65708289,35398,65807831,-59,-99543,76120,141623987,21492,39962680,54628,101661307
2017/1/20,臺股期貨,自營商,7803,14537008,9561,17814276,-1758,-3277267,12806,23850757,16736,31201178,-3930,-7350421
2017/1/20,臺股期貨,投信,136,253353,250,465095,-114,-211742,2284,4261922,43222,80652252,-40938,-76390330
2017/1/20,臺股期貨,外資及陸資,21625,40290280,17237,32114449,4388,8175831,79568,148452765,20522,38264552,59046,110188213
2017/1/23,臺股期貨,自營商,14211,26698804,16346,30715591,-2135,-4016786,11882,22303691,17925,33692826,-6043,-11389135
2017/1/23,臺股期貨,投信,1725,3237691,81,152417,1644,3085273,2671,5025197,41965,78952951,-39294,-73927754
2017/1/23,臺股期貨,外資及陸資,32498,61080438,26918,50595822,5580,10484616,81461,153237049,16921,31805407,64540,121431642
2017/1/24,臺股期貨,自營商,10678,20137941,11078,20899950,-400,-762009,11670,21978818,18022,33999031,-6352,-12020213
2017/1/24,臺股期貨,投信,111,209116,149,281277,-38,-72161,2624,4955142,41956,79229710,-39332,-74274568
2017/1/24,臺股期貨,外資及陸資,23829,44964462,21981,41471013,1848,3493449,80164,151357076,13700,25832257,66464,125524819
2017/2/2,臺股期貨,自營商,27120,51192553,25307,47755613,1813,3436940,12812,23961995,17402,32593880,-4590,-8631885
2017/2/2,臺股期貨,投信,409,770689,670,1261230,-261,-490541,2713,5086653,42306,79323750,-39593,-74237097
2017/2/2,臺股期貨,外資及陸資,38705,73068260,43090,81359669,-4385,-8291409,75339,141235167,13293,24885267,62046,116349900
2017/2/3,臺股期貨,自營商,13842,26106448,13445,25363071,397,743377,13774,25931022,17830,33618840,-4056,-7687818
2017/2/3,臺股期貨,投信,110,207761,86,162319,24,45442,2728,5148627,42297,79831358,-39569,-74682731
2017/2/3,臺股期貨,外資及陸資,30007,56620598,26698,50369752,3309,6250846,76976,145257579,11533,21721920,65443,123535659
2017/2/6,臺股期貨,自營商,19007,36075626,19252,36562237,-245,-486611,14638,27748914,18859,35815299,-4221,-8066385
2017/2/6,臺股期貨,投信,896,1704037,217,411417,679,1292620,2763,5252241,41653,79182353,-38890,-73930112
2017/2/6,臺股期貨,外資及陸資,35003,66447177,31485,59752393,3518,6694784,79865,151794079,10831,20541243,69034,131252836
2017/2/7,臺股期貨,自營商,11014,20934773,9496,18050910,1518,2883863,15813,30026641,18488,35165558,-2675,-5138917
2017/2/7,臺股期貨,投信,237,450429,464,883369,-227,-432940,2555,4864229,41672,79343488,-39117,-74479259
2017/2/7,臺股期貨,外資及陸資,22113,42050275,20622,39207147,1491,2843128,82087,156262508,11562,21957203,70525,134305305
2017/2/8,臺股期貨,自營商,17018,32321583,18964,36032084,-1946,-3710501,13288,25193840,17892,34009725,-4604,-8815885
2017/2/8,臺股期貨,投信,2146,4077329,2320,4403661,-174,-326333,2402,4570385,41693,79338179,-39291,-74767794
2017/2/8,臺股期貨,外資及陸資,38088,72370949,38542,73225019,-454,-854070,84625,161002879,14576,27665112,70049,133337767
2017/2/9,臺股期貨,自營商,19921,38052694,19195,36662438,726,1390255,12190,23238421,15379,29401850,-3189,-6163429
2017/2/9,臺股期貨,投信,4474,8555775,4104,7836245,370,719530,2454,4697939,41375,79208036,-38921,-74510097
2017/2/9,臺股期貨,外資及陸資,40629,77578594,34511,65910706,6118,11667888,89316,170946429,13080,24963383,76236,145983046
2017/2/10,臺股期貨,自營商,22592,43529296,26856,51766697,-4264,-8237401,11879,22845419,19524,37659118,-7645,-14813699
2017/2/10,臺股期貨,投信,5947,11485363,5169,9972127,778,1513236,2467,4764083,40610,78414246,-38143,-73650163
2017/2/10,臺股期貨,外資及陸資,50290,96964348,47960,92473825,2330,4490523,94065,181593502,15552,29954933,78513,151638569
2017/2/13,臺股期貨,自營商,17683,34246672,16214,31389613,1469,2857059,12825,24791263,18947,36706696,-6122,-11915433
2017/2/13,臺股期貨,投信,20670,40057945,20267,39234599,403,823346,2501,4851664,40241,78013246,-37740,-73161582
2017/2/13,臺股期貨,外資及陸資,71386,138221177,72407,140256419,-1021,-2035242,99393,192704704,21908,42417744,77485,150286960
2017/2/14,臺股期貨,自營商,28191,54821399,30205,58722790,-2014,-3901391,15507,30020403,23764,46072701,-8257,-16052298
2017/2/14,臺股期貨,投信,10617,20650173,10689,20772404,-72,-122232,2430,4714488,40242,78069907,-37812,-73355419
2017/2/14,臺股期貨,外資及陸資,74711,145243619,76876,149501249,-2165,-4257630,99924,193849257,24654,47776141,75270,146073116
2017/2/15,臺股期貨,自營商,24404,47643882,25861,50507132,-1457,-2863251,5554,10803569,11821,23124547,-6267,-12320978
2017/2/15,臺股期貨,投信,1178,2305190,366,715437,812,1589753,2390,4684878,39390,77212278,-37000,-72527400
2017/2/15,臺股期貨,外資及陸資,39247,76579003,35445,69163691,3802,7415312,86335,169193412,13437,26269320,72898,142924092
2017/2/16,臺股期貨,自營商,17052,33400492,16620,32534259,432,866234,6090,11822869,11715,22835078,-5625,-11012209
2017/2/16,臺股期貨,投信,58,113398,492,961781,-434,-848383,2282,4459028,39716,77605064,-37434,-73146036
2017/2/16,臺股期貨,外資及陸資,36391,71278463,43349,84931537,-6958,-13653074,81784,159761489,15934,31067768,65850,128693721
2017/2/17,臺股期貨,自營商,8216,16044772,8432,16462315,-216,-417543,6274,12170133,12146,23656497,-5872,-11486364
2017/2/17,臺股期貨,投信,34,66516,501,978398,-467,-911882,2157,4211758,40058,78217251,-37901,-74005493
2017/2/17,臺股期貨,外資及陸資,25709,50218838,25856,50508369,-147,-289531,81172,158450364,15533,30258912,65639,128191452
2017/2/18,臺股期貨,自營商,4409,8621397,2764,5400173,1645,3221224,7212,14029813,11470,22382481,-4258,-8352668
2017/2/18,臺股期貨,投信,9,17613,3,5872,6,11742,2155,4217766,40050,78385860,-37895,-74168094
2017/2/18,臺股期貨,外資及陸資,804,1572798,667,1304619,137,268180,81256,158986590,15432,30130848,65824,128855742
2017/2/20,臺股期貨,自營商,11136,21770086,13526,26421386,-2390,-4651300,7452,14470575,14106,27481541,-6654,-13010966
2017/2/20,臺股期貨,投信,17,33306,263,513883,-246,-480577,2094,4090001,40235,78587002,-38141,-74497001
2017/2/20,臺股期貨,外資及陸資,28674,56054652,30849,60322202,-2175,-4267550,80221,156638026,16516,32186172,63705,124451854
2017/2/21,臺股期貨,自營商,11874,23156707,10766,20984465,1108,2172241,7940,15429411,13529,26357604,-5589,-10928193
2017/2/21,臺股期貨,投信,240,468452,246,479667,-6,-11214,2070,4043538,40217,78559888,-38147,-74516350
2017/2/21,臺股期貨,外資及陸資,27271,53194246,30087,58690897,-2816,-5496651,78345,152988974,17535,34183887,60810,118805087
2017/2/22,臺股期貨,自營商,17871,35001367,17009,33309778,862,1691589,6937,13490497,11906,23221570,-4969,-9731073
2017/2/22,臺股期貨,投信,373,731234,19,37166,354,694068,2083,4075598,39876,78021382,-37793,-73945784
2017/2/22,臺股期貨,外資及陸資,35504,69556556,38394,75224064,-2890,-5667508,77248,151090025,19052,37207403,58196,113882622
2017/2/23,臺股期貨,自營商,11493,22492611,13567,26541849,-2074,-4049239,6368,12368949,13505,26321909,-7137,-13952960
2017/2/23,臺股期貨,投信,102,199809,131,256202,-29,-56394,2088,4081205,39910,78008086,-37822,-73926881
2017/2/23,臺股期貨,外資及陸資,35765,70006071,32405,63429749,3360,6576322,79707,155742572,18087,35286858,61620,120455714
2017/2/24,臺股期貨,自營商,11377,22205137,10975,21421801,402,783336,6635,12872928,13321,25927766,-6686,-13054838
2017/2/24,臺股期貨,投信,27,52689,451,879980,-424,-827292,1912,3732224,40158,78388416,-38246,-74656192
2017/2/24,臺股期貨,外資及陸資,29817,58222752,30283,59122272,-466,-899521,80365,156822638,18948,36922091,61417,119900547
2017/3/1,臺股期貨,自營商,20709,40222639,18440,35818675,2269,4403964,7516,14479177,11986,23138832,-4470,-8659655
2017/3/1,臺股期貨,投信,123,238738,836,1621300,-713,-1382562,1670,3234122,40629,78681994,-38959,-75447872
2017/3/1,臺股期貨,外資及陸資,40031,77793769,48976,95191247,-8945,-17397478,76733,148554187,24250,46898608,52483,101655579
2017/3/2,臺股期貨,自營商,19355,37583500,18867,36627869,488,955632,7819,15078598,11779,22756100,-3960,-7677502
2017/3/2,臺股期貨,投信,483,940734,141,272934,342,667800,1797,3482945,40414,78330187,-38617,-74847242
2017/3/2,臺股期貨,外資及陸資,44409,86262939,46230,89779436,-1821,-3516497,75053,145421104,24138,46720655,50915,98700449
2017/3/3,臺股期貨,自營商,15611,30108736,14405,27774219,1206,2334518,8803,16875805,11532,22130557,-2729,-5254752
2017/3/3,臺股期貨,投信,119,229555,215,414712,-96,-185157,1723,3318498,40436,77879485,-38713,-74560987
2017/3/3,臺股期貨,外資及陸資,33834,65272955,34308,66189156,-474,-916201,75754,145853570,25375,48807246,50379,97046324
2017/3/6,臺股期貨,自營商,13139,25372344,13593,26246941,-454,-874597,8040,15480117,11168,21541764,-3128,-6061647
2017/3/6,臺股期貨,投信,454,878780,58,112122,396,766658,1728,3346091,40045,77542819,-38317,-74196728
2017/3/6,臺股期貨,外資及陸資,32068,61933756,28548,55142638,3520,6791118,77589,150187196,23425,45289700,54164,104897496
2017/3/7,臺股期貨,自營商,13550,26312620,12734,24722254,816,1590366,9978,19323837,12101,23455443,-2123,-4131606
2017/3/7,臺股期貨,投信,838,1628817,90,174698,748,1454119,2021,3932041,39590,77025985,-37569,-73093944
2017/3/7,臺股期貨,外資及陸資,29455,57183643,28819,55951131,636,1232512,76633,149035947,21843,42426070,54790,106609877
2017/3/8,臺股期貨,自營商,17059,33208238,16992,33070337,67,137901,9540,18507826,11484,22296313,-1944,-3788487
2017/3/8,臺股期貨,投信,2965,5780792,2212,4307482,753,1473310,2085,4063674,38901,75820333,-36816,-71756659
2017/3/8,臺股期貨,外資及陸資,35653,69386919,36246,70549749,-593,-1162830,76938,149894247,22676,44128767,54262,105765480
2017/3/9,臺股期貨,自營商,21387,41362333,21198,41000400,189,361933,10921,20993504,12849,24708132,-1928,-3714628
2017/3/9,臺股期貨,投信,4611,8908543,5707,11018246,-1096,-2109703,1818,3508087,39730,76659049,-37912,-73150962
2017/3/9,臺股期貨,外資及陸資,42184,81577497,51078,98811869,-8894,-17234373,71827,138535997,26409,50895904,45418,87640093
2017/3/10,臺股期貨,自營商,23668,45453845,24208,46471776,-540,-1017931,8995,17239764,11369,21788834,-2374,-4549070
2017/3/10,臺股期貨,投信,8928,17168550,9322,17913540,-394,-744990,1755,3377670,40060,77073080,-38305,-73695410
2017/3/10,臺股期貨,外資及陸資,71003,136369365,73736,141646309,-2733,-5276944,71869,138202594,29077,55888625,42792,82313969
2017/3/13,臺股期貨,自營商,18305,35423638,16538,32003861,1767,3419777,10362,20012260,10699,20645343,-337,-633083
2017/3/13,臺股期貨,投信,19179,37132179,18514,35801107,665,1331072,1692,3278155,39332,76182507,-37640,-72904352
2017/3/13,臺股期貨,外資及陸資,75374,145825048,69361,134244310,6013,11580738,77721,150490605,28593,55343317,49128,95147288
2017/3/14,臺股期貨,自營商,20422,39781751,19469,37911309,953,1870442,11558,22462090,11378,22082618,180,379472
2017/3/14,臺股期貨,投信,7773,15151109,6510,12686190,1263,2464919,2003,3902598,38380,74779918,-36377,-70877320
2017/3/14,臺股期貨,外資及陸資,59549,115969072,58383,113730428,1166,2238644,77022,149980340,26522,51612100,50500,98368240
2017/3/15,臺股期貨,自營商,21382,41612153,21925,42662589,-543,-1050436,4162,8027825,9840,19047545,-5678,-11019720
2017/3/15,臺股期貨,投信,338,657656,295,573550,43,84106,2069,4024949,38303,74514656,-36234,-70489707
2017/3/15,臺股期貨,外資及陸資,31205,60710834,34651,67432816,-3446,-6721983,69795,135667877,16772,32550057,53023,103117820
2017/3/16,臺股期貨,自營商,17200,33789511,16559,32540771,641,1248740,6035,11806799,10990,21535698,-4955,-9728899
2017/3/16,臺股期貨,投信,1078,2120691,166,326375,912,1794316,2091,4115016,37413,73628784,-35322,-69513768
2017/3/16,臺股期貨,外資及陸資,35968,70679173,30878,60683024,5090,9996148,73997,145513267,15620,30663390,58377,114849877
2017/3/17,臺股期貨,自營商,13874,27368971,11682,23038189,2192,4330781,7452,14665489,10086,19850248,-2634,-5184759
2017/3/17,臺股期貨,投信,549,1085557,124,244217,425,841340,2275,4499421,37172,73518782,-34897,-69019361
2017/3/17,臺股期貨,外資及陸資,25049,49394925,26073,51430693,-1024,-2035767,73804,145852581,16443,32443132,57361,113409449
2017/3/20,臺股期貨,自營商,11995,23707010,10511,20771392,1484,2935618,7753,15272845,8880,17478022,-1127,-2205177
2017/3/20,臺股期貨,投信,266,526556,125,246914,141,279642,2194,4342298,36950,73131440,-34756,-68789142
2017/3/20,臺股期貨,外資及陸資,23375,46200071,23959,47354865,-584,-1154794,73596,145536172,16756,33079259,56840,112456913
2017/3/21,臺股期貨,自營商,20472,40743976,19196,38199657,1276,2544319,9880,19616234,9754,19342697,126,273537
2017/3/21,臺股期貨,投信,730,1453983,138,274712,592,1179271,2320,4622767,36484,72697898,-34164,-68075131
2017/3/21,臺股期貨,外資及陸資,30698,61104588,31961,63632556,-1263,-2527969,76669,152646359,20907,41574112,55762,111072247
2017/3/22,臺股期貨,自營商,21634,42758326,21722,42921394,-88,-163068,7621,15015486,7417,14586017,204,429469
2017/3/22,臺股期貨,投信,74,146378,788,1558797,-714,-1412419,2231,4415528,37109,73446003,-34878,-69030475
2017/3/22,臺股期貨,外資及陸資,33411,66030212,35950,71044569,-2539,-5014356,74464,147254638,20904,41288197,53560,105966441
2017/3/23,臺股期貨,自營商,19678,39006908,18891,37444542,787,1562366,7857,15501926,6767,13320266,1090,2181660
2017/3/23,臺股期貨,投信,100,198748,614,1217351,-514,-1018603,2244,4447092,37636,74586915,-35392,-70139823
2017/3/23,臺股期貨,外資及陸資,28964,57429966,32809,65059180,-3845,-7629214,72515,143590313,22724,44952147,49791,98638166
2017/3/24,臺股期貨,自營商,14275,28272911,15516,30721714,-1241,-2448803,6642,13079951,6777,13319876,-135,-239925
2017/3/24,臺股期貨,投信,48,95120,130,257324,-82,-162204,2208,4371778,37682,74610230,-35474,-70238452
2017/3/24,臺股期貨,外資及陸資,29262,57963881,26206,51916517,3056,6047363,74022,146433543,20947,41388245,53075,105045298
2017/3/27,臺股期貨,自營商,17077,33737351,20128,39770229,-3051,-6032879,5372,10526117,8515,16701817,-3143,-6175700
2017/3/27,臺股期貨,投信,150,296594,666,1314525,-516,-1017931,2150,4242147,38140,75257608,-35990,-71015461
2017/3/27,臺股期貨,外資及陸資,33930,67051759,29423,58146681,4507,8905077,79245,156233751,21591,42513830,57654,113719921
2017/3/28,臺股期貨,自營商,26943,53188868,27207,53695462,-264,-506594,6003,11795038,9445,18568907,-3442,-6773869
2017/3/28,臺股期貨,投信,395,781468,621,1223630,-226,-442162,1764,3486828,37980,75078604,-36216,-71591776
2017/3/28,臺股期貨,外資及陸資,42998,84898680,47081,93003169,-4083,-8104489,77085,152245232,23456,46277958,53629,105967274
2017/3/29,臺股期貨,自營商,18713,36929287,18024,35565613,689,1363674,5440,10658308,8295,16258157,-2855,-5599849
2017/3/29,臺股期貨,投信,544,1073223,675,1331336,-131,-258113,1870,3687424,38217,75363704,-36347,-71676280
2017/3/29,臺股期貨,外資及陸資,29350,57935881,31349,61883573,-1999,-3947692,74750,147272291,22999,45264166,51751,102008125
2017/3/30,臺股期貨,自營商,12371,24391622,13738,27079569,-1367,-2687948,4941,9666166,9175,17971567,-4234,-8305401
2017/3/30,臺股期貨,投信,199,393130,113,222496,86,170634,1930,3801130,38191,75220794,-36261,-71419664
2017/3/30,臺股期貨,外資及陸資,29248,57674607,27351,53931161,1897,3743446,75447,148464668,21796,42840358,53651,105624310
2017/3/31,臺股期貨,自營商,12900,25385301,13759,27074077,-859,-1688775,5077,9904106,10151,19834501,-5074,-9930395
2017/3/31,臺股期貨,投信,35,68973,452,888742,-417,-819769,1730,3397873,38408,75440794,-36678,-72042921
2017/3/31,臺股期貨,外資及陸資,24632,48503470,26324,51834278,-1692,-3330808,75140,147452103,23107,45293019,52033,102159084
2017/4/5,臺股期貨,自營商,25869,51264437,22595,44804128,3274,6460309,7990,15844998,9921,19665524,-1931,-3820526
2017/4/5,臺股期貨,投信,1496,2971740,116,230058,1380,2741682,2038,4060311,37336,74388046,-35298,-70327735
2017/4/5,臺股期貨,外資及陸資,42757,84728142,37920,75181916,4837,9546225,81173,161575369,23969,47657865,57204,113917504
2017/4/6,臺股期貨,自營商,15992,31685604,16580,32845989,-588,-1160386,7171,14123935,9673,19037232,-2502,-4913297
2017/4/6,臺股期貨,投信,149,294908,196,388485,-47,-93576,2086,4128048,37431,74075809,-35345,-69947761
2017/4/6,臺股期貨,外資及陸資,28412,56305844,34441,68257268,-6029,-11951425,75554,149371002,24734,48853874,50820,100517128
2017/4/7,臺股期貨,自營商,31276,61513689,28173,55389605,3103,6124084,8742,17172350,8081,15821661,661,1350689
2017/4/7,臺股期貨,投信,307,604598,1228,2421004,-921,-1816406,1778,3506393,38044,75030197,-36266,-71523804
2017/4/7,臺股期貨,外資及陸資,60135,118278657,66070,129972764,-5935,-11694107,68019,133993652,23297,45848525,44722,88145127
2017/4/10,臺股期貨,自營商,11846,23373499,11237,22170689,609,1202811,9336,18367543,8032,15745951,1304,2621592
2017/4/10,臺股期貨,投信,179,353460,91,179499,88,173961,1773,3501510,37951,74952963,-36178,-71451453
2017/4/10,臺股期貨,外資及陸資,28415,56077032,26863,53018497,1552,3058535,68267,134673164,21611,42580966,46656,92092198
2017/4/11,臺股期貨,自營商,24200,47643804,26850,52847860,-2650,-5204056,8104,15840553,9452,18434752,-1348,-2594199
2017/4/11,臺股期貨,投信,215,423186,475,933405,-260,-510220,1714,3365119,38152,74907404,-36438,-71542285
2017/4/11,臺股期貨,外資及陸資,44007,86668068,43956,86544146,51,123922,69036,135391360,22436,43950450,46600,91440910
2017/4/12,臺股期貨,自營商,17300,33925237,19939,39096363,-2639,-5171126,5683,11082466,9699,18913265,-4016,-7830799
2017/4/12,臺股期貨,投信,87,170792,150,294266,-63,-123474,1678,3293430,38179,74937439,-36501,-71644009
2017/4/12,臺股期貨,外資及陸資,36169,70937702,32996,64715781,3173,6221921,71493,140168465,21574,42243939,49919,97924526
2017/4/13,臺股期貨,自營商,22224,43716050,22620,44497138,-396,-781088,7430,14555898,12015,23531627,-4585,-8975729
2017/4/13,臺股期貨,投信,5542,10911622,5185,10200243,357,711378,1742,3429835,37886,74592475,-36144,-71162640
2017/4/13,臺股期貨,外資及陸資,49512,97412751,47113,92694826,2399,4717925,73383,144325103,21322,41880937,52061,102444166
2017/4/14,臺股期貨,自營商,32125,62665604,30514,59522527,1611,3143077,6845,13231444,9504,18334617,-2659,-5103173
2017/4/14,臺股期貨,投信,8353,16287374,7335,14293169,1018,1994205,1669,3242844,38795,75364716,-37126,-72121872
2017/4/14,臺股期貨,外資及陸資,40827,79662271,49372,96352765,-8545,-16690494,69789,135429808,24438,47376711,45351,88053097
2017/4/17,臺股期貨,自營商,27994,54384319,27028,52497130,966,1887189,7559,14618391,9151,17647272,-1592,-3028881
2017/4/17,臺股期貨,投信,20142,39126726,20281,39364813,-139,-238087,1599,3107840,38864,75510469,-37265,-72402629
2017/4/17,臺股期貨,外資及陸資,82289,159851837,81502,158352462,787,1499375,72113,139983285,25913,50260029,46200,89723256
2017/4/18,臺股期貨,自營商,22507,43846038,18519,36067085,3988,7778952,11241,21809814,8850,17082301,2391,4727513
2017/4/18,臺股期貨,投信,8657,16857271,8530,16597213,127,260058,1615,3141988,38753,75375419,-37138,-72233431
2017/4/18,臺股期貨,外資及陸資,67177,130831479,72862,141927465,-5685,-11095986,69025,134121870,28543,55438158,40482,78683712
2017/4/19,臺股期貨,自營商,33686,65081068,31078,60036720,2608,5044348,6831,13083462,5863,11134243,968,1949219
2017/4/19,臺股期貨,投信,734,1419088,1437,2772381,-703,-1353294,1711,3292959,39534,76087136,-37823,-72794177
2017/4/19,臺股期貨,外資及陸資,44958,86847417,50682,97907644,-5724,-11060228,59086,113559726,22079,42388748,37007,71170978
2017/4/20,臺股期貨,自營商,12914,24824284,13564,26048141,-650,-1223858,6873,13153336,6649,12613434,224,539902
2017/4/20,臺股期貨,投信,131,252109,199,382882,-68,-130773,1737,3340217,39628,76204644,-37891,-72864427
2017/4/20,臺股期貨,外資及陸資,33507,64397422,31107,59805217,2400,4592205,60069,115329773,20906,40095528,39163,75234245
2017/4/21,臺股期貨,自營商,16562,32056274,16662,32245205,-100,-188931,8780,16956956,8455,16210560,325,746396
2017/4/21,臺股期貨,投信,1105,2143819,53,102771,1052,2041048,1869,3625073,38708,75078037,-36839,-71452964
2017/4/21,臺股期貨,外資及陸資,29393,56899444,24257,46979703,5136,9919741,61067,118240591,17099,33057440,43968,85183151
2017/4/24,臺股期貨,自營商,16251,31551069,17014,33060827,-763,-1509758,8333,16079149,8903,17091768,-570,-1012619
2017/4/24,臺股期貨,投信,789,1536643,102,198311,687,1338333,2101,4078420,38253,74256724,-36152,-70178304
2017/4/24,臺股期貨,外資及陸資,32738,63622388,34786,67595471,-2048,-3973083,61175,118544050,19220,37195914,41955,81348136
2017/4/25,臺股期貨,自營商,21793,42581965,19983,39060179,1810,3521786,11105,21682822,9800,19038149,1305,2644673
2017/4/25,臺股期貨,投信,1039,2039194,75,147097,964,1892097,2176,4271016,37365,73340022,-35189,-69069006
2017/4/25,臺股期貨,外資及陸資,43579,85110587,35579,69509517,8000,15601070,65608,128524325,15666,30610787,49942,97913538
2017/4/26,臺股期貨,自營商,16304,32065753,18896,37202071,-2592,-5136319,8654,16887646,9971,19429031,-1317,-2541385
2017/4/26,臺股期貨,投信,701,1380686,118,232070,583,1148616,2204,4338317,36810,72456804,-34606,-68118487
2017/4/26,臺股期貨,外資及陸資,33325,65636641,32779,64529825,546,1106816,67115,131845879,16455,32209369,50660,99636510
2017/4/27,臺股期貨,自營商,10936,21474395,11366,22315578,-430,-841183,8471,16502736,10236,19922712,-1765,-3419976
2017/4/27,臺股期貨,投信,146,287014,206,405191,-60,-118177,2200,4328434,36866,72537542,-34666,-68209108
2017/4/27,臺股期貨,外資及陸資,28528,56061773,27693,54431637,835,1630136,68538,134570206,16960,33175236,51578,101394970
2017/4/28,臺股期貨,自營商,14387,28296893,13518,26563571,869,1733322,8768,17068312,9594,18625174,-826,-1556862
2017/4/28,臺股期貨,投信,331,652781,54,106338,277,546443,2244,4423040,36633,72210970,-34389,-67787930
2017/4/28,臺股期貨,外資及陸資,32944,64859010,31774,62570037,1170,2288972,70773,139151144,17823,34884513,52950,104266631
2017/5/2,臺股期貨,自營商,17355,34441794,18824,37389707,-1469,-2947914,10366,20340993,12581,24697111,-2215,-4356118
2017/5/2,臺股期貨,投信,717,1424503,111,220516,606,1203987,2325,4617141,36108,71710488,-33783,-67093347
2017/5/2,臺股期貨,外資及陸資,33717,66977914,29114,57815679,4603,9162235,74956,148495448,17412,34302947,57544,114192501
2017/5/3,臺股期貨,自營商,12311,24471306,12929,25715557,-618,-1244252,10382,20364994,13231,25998863,-2849,-5633869
2017/5/3,臺股期貨,投信,89,177182,63,125250,26,51932,2362,4693929,36119,71782901,-33757,-67088972
2017/5/3,臺股期貨,外資及陸資,20211,40210523,20223,40219919,-12,-9396,75470,149615956,17776,35030832,57694,114585124
2017/5/4,臺股期貨,自營商,13060,25938679,10321,20507878,2739,5430801,12370,24334833,12463,24508234,-93,-173401
2017/5/4,臺股期貨,投信,49,97491,94,186648,-45,-89157,2341,4662471,36143,71989627,-33802,-67327156
2017/5/4,臺股期貨,外資及陸資,24403,48519053,23732,47165944,671,1353109,75945,150877077,17482,34494237,58463,116382840
2017/5/5,臺股期貨,自營商,16450,32560290,17828,35318836,-1378,-2758546,10284,19995224,11733,22865147,-1449,-2869923
2017/5/5,臺股期貨,投信,62,122696,1159,2295422,-1097,-2172726,2185,4319849,37084,73322485,-34899,-69002636
2017/5/5,臺股期貨,外資及陸資,28486,56460084,31738,62893523,-3252,-6433439,72983,143899036,17819,34867146,55164,109031890
2017/5/8,臺股期貨,自營商,14844,29428049,13245,26272589,1599,3155460,11223,21911907,11085,21666033,138,245874
2017/5/8,臺股期貨,投信,187,371931,93,184259,94,187671,2276,4515682,37081,73576120,-34805,-69060438
2017/5/8,臺股期貨,外資及陸資,28733,57008389,30452,60409472,-1719,-3401082,71296,141063531,17429,34210460,53867,106853071
2017/5/9,臺股期貨,自營商,26155,52005406,27755,55177185,-1600,-3171779,11250,21913513,12724,24858981,-1474,-2945468
2017/5/9,臺股期貨,投信,280,558287,327,648394,-47,-90107,2183,4322928,37035,73344114,-34852,-69021186
2017/5/9,臺股期貨,外資及陸資,51060,101563967,48894,97261886,2166,4302081,73906,145925980,17798,34854455,56108,111071525
2017/5/10,臺股期貨,自營商,15481,30761164,14146,28113189,1335,2647975,12873,25237341,12923,25372874,-50,-135533
2017/5/10,臺股期貨,投信,473,941217,271,538234,202,402983,2171,4319088,36821,73258460,-34650,-68939372
2017/5/10,臺股期貨,外資及陸資,29037,57712300,27380,54429816,1657,3282484,75280,149330005,17004,33437810,58276,115892195
2017/5/11,臺股期貨,自營商,21015,41905217,18054,36004082,2961,5901135,15853,31284705,12965,25554349,2888,5730356
2017/5/11,臺股期貨,投信,4649,9279048,4189,8348330,460,930718,2179,4352302,36369,72639693,-34190,-68287391
2017/5/11,臺股期貨,外資及陸資,39407,78575927,38304,76403296,1103,2172631,76203,151740280,16527,32612769,59676,119127511
2017/5/12,臺股期貨,自營商,10705,21355632,11843,23623004,-1138,-2267372,14811,29174955,13250,26095558,1561,3079397
2017/5/12,臺股期貨,投信,6164,12299853,6196,12346246,-32,-46393,2133,4257463,36355,72547361,-34222,-68289898
2017/5/12,臺股期貨,外資及陸資,31883,63609781,31480,62820177,403,789604,76507,152221026,16487,32499597,60020,119721429
2017/5/15,臺股期貨,自營商,21138,42321046,20531,41109563,607,1211483,16501,32682369,13942,27586890,2559,5095479
2017/5/15,臺股期貨,投信,20333,40713466,20368,40731401,-35,-17934,2142,4292528,36415,72940629,-34273,-68648101
2017/5/15,臺股期貨,外資及陸資,74801,149614623,74820,149730783,-19,-116160,81656,163114865,21650,42962560,60006,120152305
2017/5/16,臺股期貨,自營商,22411,44923658,25728,51540083,-3317,-6616425,14513,28697436,15284,30254660,-771,-1557224
2017/5/16,臺股期貨,投信,6798,13627222,6835,13688239,-37,-61017,2085,4175205,36395,72849129,-34310,-68673924
2017/5/16,臺股期貨,外資及陸資,58572,117356309,60592,121438426,-2020,-4082116,80979,161633750,22856,45342841,58123,116290909
2017/5/17,臺股期貨,自營商,24266,48494750,24393,48734779,-127,-240029,7339,14268444,11308,22213416,-3969,-7944972
2017/5/17,臺股期貨,投信,1087,2169982,1294,2583805,-207,-413823,2025,4041495,36499,72844704,-34474,-68803209
2017/5/17,臺股期貨,外資及陸資,39226,78355190,37308,74534832,1918,3820358,73767,146734956,13979,27467626,59788,119267330
2017/5/18,臺股期貨,自營商,17777,35252568,18730,37115360,-953,-1862792,8365,16254531,13278,26032091,-4913,-9777560
2017/5/18,臺股期貨,投信,127,251999,927,1838011,-800,-1586012,1696,3375379,36970,73577694,-35274,-70202315
2017/5/18,臺股期貨,外資及陸資,42441,84195816,38850,77089450,3591,7106366,77638,153997673,14287,27998689,63351,125998984
2017/5/19,臺股期貨,自營商,9766,19412828,9526,18920107,240,492721,8491,16475053,13224,25864187,-4733,-9389134
2017/5/19,臺股期貨,投信,111,221295,91,180967,20,40328,1707,3390785,36961,73419330,-35254,-70028545
2017/5/19,臺股期貨,外資及陸資,22031,43818610,25889,51492168,-3858,-7673558,75224,148900596,15683,30708076,59541,118192520
2017/5/22,臺股期貨,自營商,13654,27163644,10065,20035880,3589,7127764,11458,22435849,12635,24797008,-1177,-2361159
2017/5/22,臺股期貨,投信,518,1032758,650,1296677,-132,-263918,1945,3879886,37331,74467879,-35386,-70587993
2017/5/22,臺股期貨,外資及陸資,26956,53682029,27002,53754887,-46,-72857,74338,147744323,14968,29374947,59370,118369376
2017/5/23,臺股期貨,自營商,13640,27247959,13872,27687878,-232,-439920,11256,22085219,12748,25055366,-1492,-2970147
2017/5/23,臺股期貨,投信,138,275917,125,249734,13,26183,1880,3757744,37253,74461296,-35373,-70703552
2017/5/23,臺股期貨,外資及陸資,34181,68271575,31754,63450513,2427,4821062,76727,152778851,15032,29566232,61695,123212619
2017/5/24,臺股期貨,自營商,12447,24894032,11737,23497979,710,1396054,12025,23690423,12800,25254485,-775,-1564062
2017/5/24,臺股期貨,投信,48,96202,77,154258,-29,-58057,1885,3777540,37287,74723148,-35402,-70945608
2017/5/24,臺股期貨,外資及陸資,25068,50196282,23971,47970231,1097,2226051,78116,155952371,15318,30189892,62798,125762479
2017/5/25,臺股期貨,自營商,14557,29281837,15902,32025295,-1345,-2743458,12406,24661837,14494,28915685,-2088,-4253848
2017/5/25,臺股期貨,投信,779,1572942,150,303149,629,1269793,2041,4125677,36814,74415820,-34773,-70290143
2017/5/25,臺股期貨,外資及陸資,34951,70394260,28808,58009415,6143,12384845,84605,170389604,15788,31351827,68817,139037777
2017/5/26,臺股期貨,自營商,13269,26772406,14889,30006025,-1620,-3233618,10741,21278244,14430,28720648,-3689,-7442404
2017/5/26,臺股期貨,投信,42,84823,244,491365,-202,-406542,1946,3928196,36921,74527233,-34975,-70599037
2017/5/26,臺股期貨,外資及陸資,30892,62333380,36055,72787394,-5163,-10454014,80759,162354841,17055,33845425,63704,128509416
2017/5/31,臺股期貨,自營商,17083,34361125,15895,31915612,1188,2445512,10547,20774960,13037,25714489,-2490,-4939529
2017/5/31,臺股期貨,投信,64,128876,1019,2045250,-955,-1916373,1607,3223321,37537,75290287,-35930,-72066966
2017/5/31,臺股期貨,外資及陸資,33466,67264551,40019,80489031,-6553,-13224480,78492,156735836,21293,42122942,57199,114612894
2017/6/1,臺股期貨,自營商,12476,25071002,8943,17960769,3533,7110233,12630,25057448,11666,23064009,964,1993439
2017/6/1,臺股期貨,投信,639,1287259,155,309895,484,977364,1617,3256638,37063,74642048,-35446,-71385410
2017/6/1,臺股期貨,外資及陸資,26591,53456102,28363,57036287,-1772,-3580185,76635,153628043,21318,42343076,55317,111284967
2017/6/2,臺股期貨,自營商,12865,26005512,12188,24626652,677,1378860,13797,27576981,12094,24073019,1703,3503962
2017/6/2,臺股期貨,投信,991,2007019,63,127620,928,1879399,2059,4173181,36577,74131430,-34518,-69958249
2017/6/2,臺股期貨,外資及陸資,31091,62783009,30501,61609349,590,1173660,76190,153627146,20219,40325499,55971,113301647
2017/6/3,臺股期貨,自營商,4978,10075316,5277,10679888,-299,-604572,13853,27737598,12462,24858427,1391,2879171
2017/6/3,臺股期貨,投信,37,74053,79,160335,-42,-86282,2011,4084743,36571,74281249,-34560,-70196506
2017/6/3,臺股期貨,外資及陸資,1741,3529118,1232,2496576,509,1032542,76434,154454369,19957,39879202,56477,114575167
2017/6/5,臺股期貨,自營商,16651,33804018,13785,27970523,2866,5833495,15701,31634420,11444,22885471,4257,8748949
2017/6/5,臺股期貨,投信,657,1340434,182,368809,475,971625,2002,4084881,36087,73629695,-34085,-69544814
2017/6/5,臺股期貨,外資及陸資,31823,64597670,30981,62933345,842,1664324,77015,156292991,19649,39417196,57366,116875795
2017/6/6,臺股期貨,自營商,8565,17439698,8883,18076331,-318,-636632,15509,31193612,11570,23096543,3939,8097069
2017/6/6,臺股期貨,投信,64,130509,161,328035,-97,-197526,1942,3955854,36124,73582404,-34182,-69626550
2017/6/6,臺股期貨,外資及陸資,19646,40036205,20560,41895231,-914,-1859026,76567,155127138,20176,40428224,56391,114698914
2017/6/7,臺股期貨,自營商,15887,32358479,17727,36124840,-1840,-3766361,14498,29147353,12394,24799654,2104,4347699
2017/6/7,臺股期貨,投信,163,332249,98,199676,65,132573,2028,4133470,36145,73668555,-34117,-69535085
2017/6/7,臺股期貨,外資及陸資,34683,70683052,33541,68349307,1142,2333744,77618,157360664,20090,40269403,57528,117091261
2017/6/8,臺股期貨,自營商,11088,22571832,8479,17266992,2609,5304840,16397,33087772,11722,23498154,4675,9589618
2017/6/8,臺股期貨,投信,56,114270,18,36763,38,77507,2058,4203259,36136,73802018,-34078,-69598759
2017/6/8,臺股期貨,外資及陸資,24188,49328308,24540,50043462,-352,-715154,78295,159069392,21155,42528584,57140,116540808
2017/6/9,臺股期貨,自營商,12366,25242482,15592,31812432,-3226,-6569950,14110,28356675,12633,25283320,1477,3073355
2017/6/9,臺股期貨,投信,48,98279,244,497623,-196,-399344,1883,3837931,36157,73693049,-34274,-69855118
2017/6/9,臺股期貨,外資及陸資,33236,67917132,31596,64570805,1640,3346326,78829,159820742,20001,40079254,58828,119741488
2017/6/12,臺股期貨,自營商,14901,30155163,18219,36863005,-3318,-6707841,13078,26057543,14911,29695374,-1833,-3637831
2017/6/12,臺股期貨,投信,64,129659,1482,2997930,-1418,-2868271,1511,3057660,37203,75280787,-35692,-72223127
2017/6/12,臺股期貨,外資及陸資,37984,76906135,38092,77121171,-108,-215036,80611,162271128,21985,43781036,58626,118490092
2017/6/13,臺股期貨,自營商,17492,35384707,16269,32907662,1223,2477045,14032,28030603,14654,29224296,-622,-1193693
2017/6/13,臺股期貨,投信,519,1052223,68,137861,451,914362,1505,3050936,36746,74488269,-35241,-71437333
2017/6/13,臺股期貨,外資及陸資,29356,59390735,30979,62697838,-1623,-3307103,79700,160673498,22660,45207985,57040,115465513
2017/6/14,臺股期貨,自營商,27152,54660371,26066,52441417,1086,2218954,14260,28277492,13803,27272895,457,1004597
2017/6/14,臺股期貨,投信,2329,4691361,2812,5589517,-483,-898156,1450,2917980,37174,74732774,-35724,-71814794
2017/6/14,臺股期貨,外資及陸資,49571,99847256,54667,110215385,-5096,-10368128,74804,149588577,22872,45288427,51932,104300150
2017/6/15,臺股期貨,自營商,17303,34708266,15607,31274533,1696,3433733,14468,28741950,12327,24320838,2141,4421112
2017/6/15,臺股期貨,投信,4463,8972615,4466,8829396,-3,143219,1507,3035665,37234,74780092,-35727,-71744427
2017/6/15,臺股期貨,外資及陸資,42904,85976137,42979,86309610,-75,-333473,77043,154035222,25185,49970076,51858,104065146
2017/6/16,臺股期貨,自營商,19345,39015298,21689,43714892,-2344,-4699594,14496,29014787,14691,29277464,-195,-262677
2017/6/16,臺股期貨,投信,6772,13701582,5179,10289838,1593,3411744,1822,3696884,35956,72564267,-34134,-68867383
2017/6/16,臺股期貨,外資及陸資,51764,104171511,48169,97240899,3595,6930612,75642,152138157,20188,40309761,55454,111828396
2017/6/19,臺股期貨,自營商,25419,51671492,24289,49382694,1130,2288798,14581,29437844,13603,27328484,978,2109360
2017/6/19,臺股期貨,投信,17926,36638309,17309,34808164,617,1830145,1950,3972215,35467,71673533,-33517,-67701318
2017/6/19,臺股期貨,外資及陸資,65197,132187352,65496,133444079,-299,-1256727,80817,163412468,25700,51851901,55117,111560567
2017/6/20,臺股期貨,自營商,29726,61072097,29477,60463840,249,608257,16415,33469996,15538,31455960,877,2014036
2017/6/20,臺股期貨,投信,8520,17544357,8170,16606177,350,938180,1934,3951104,35101,71346376,-33167,-67395272
2017/6/20,臺股期貨,外資及陸資,66072,135279655,65327,134199294,745,1080361,82751,168370830,26903,54745402,55848,113625428
2017/6/21,臺股期貨,自營商,32525,66718639,33716,69225848,-1191,-2507209,6590,13270125,11699,23656869,-5109,-10386744
2017/6/21,臺股期貨,投信,762,1551088,725,1489418,37,61671,1874,3813677,34989,71209613,-33115,-67395936
2017/6/21,臺股期貨,外資及陸資,58985,120359377,54917,112278794,4068,8080583,77879,158123966,19079,38557687,58800,119566279
2017/6/22,臺股期貨,自營商,15679,31963568,13947,28441750,1732,3521818,7977,16165184,11351,23074091,-3374,-6908907
2017/6/22,臺股期貨,投信,407,832248,71,145093,336,687155,1885,3856836,34664,70929477,-32779,-67072641
2017/6/22,臺股期貨,外資及陸資,38664,78880599,39992,81570126,-1328,-2689527,77347,157895691,19772,40163612,57575,117732079
2017/6/23,臺股期貨,自營商,11575,23630047,13580,27718886,-2005,-4088839,7817,15811068,13193,26792975,-5376,-10981907
2017/6/23,臺股期貨,投信,875,1788330,89,181843,786,1606487,2162,4416718,34155,69778665,-31993,-65361947
2017/6/23,臺股期貨,外資及陸資,31744,64858210,32473,66348767,-729,-1490557,76549,156014404,19633,39810594,56916,116203810
2017/6/26,臺股期貨,自營商,32399,66779652,27799,57305809,4600,9473843,12775,26392200,13618,28142350,-843,-1750150
2017/6/26,臺股期貨,投信,1274,2644254,39,79729,1235,2564525,2212,4592375,32970,68452314,-30758,-63859939
2017/6/26,臺股期貨,外資及陸資,64921,133860116,68068,140421443,-3147,-6561327,77463,160517551,23836,49246004,53627,111271547
2017/6/27,臺股期貨,自營商,17961,37239061,17111,35474936,850,1764125,13922,28721426,13942,28772221,-20,-50795
2017/6/27,臺股期貨,投信,217,450061,103,213583,114,236479,2175,4509894,32819,68053478,-30644,-63543584
2017/6/27,臺股期貨,外資及陸資,38289,79415880,43260,89726338,-4971,-10310458,75761,156772153,27063,55838642,48698,100933511
2017/6/28,臺股期貨,自營商,25030,51502500,27622,56824748,-2592,-5322248,11614,23686445,14227,29046897,-2613,-5360452
2017/6/28,臺股期貨,投信,51,105314,741,1521416,-690,-1416102,1949,3999522,33283,68303373,-31334,-64303851
2017/6/28,臺股期貨,外資及陸資,53740,110619256,53175,109470782,565,1148474,76546,156751388,27275,55688885,49271,101062503
2017/6/29,臺股期貨,自營商,16398,33801064,16231,33439302,167,361762,11630,23799474,14037,28738291,-2407,-4938817
2017/6/29,臺股期貨,投信,64,132056,191,392615,-127,-260560,1856,3821279,33317,68599703,-31461,-64778424
2017/6/29,臺股期貨,外資及陸資,42377,87376438,42358,87362128,19,14310,77496,159198998,28220,57805641,49276,101393357
2017/6/30,臺股期貨,自營商,19296,39456730,18278,37358688,1018,2098042,11838,24129525,13192,26878025,-1354,-2748500
2017/6/30,臺股期貨,投信,95,194806,495,1012256,-400,-817450,1905,3905794,33766,69233806,-31861,-65328012
2017/6/30,臺股期貨,外資及陸資,44950,91929581,46376,94852201,-1426,-2922620,77901,159353602,29951,61107857,47950,98245745
2017/7/3,臺股期貨,自營商,15600,32003894,13216,27097635,2384,4906258,13216,27045209,12202,24922892,1014,2122317
2017/7/3,臺股期貨,投信,78,160347,13,26655,65,133692,1950,4012097,33746,69435770,-31796,-65423673
2017/7/3,臺股期貨,外資及陸資,36734,75341213,38046,78052495,-1312,-2711282,76904,157839572,30258,61947286,46646,95892286
2017/7/4,臺股期貨,自營商,19092,39165556,20432,41889775,-1340,-2724219,12754,25919706,13002,26369990,-248,-450284
2017/7/4,臺股期貨,投信,61,125246,387,791147,-326,-665901,1948,3979537,34070,69605010,-32122,-65625473
2017/7/4,臺股期貨,外資及陸資,43390,89021927,44710,91762558,-1320,-2740631,76301,155474457,30864,62739253,45437,92735204
2017/7/5,臺股期貨,自營商,28525,58393801,28597,58504873,-72,-111072,11733,24021271,12067,24632995,-334,-611724
2017/7/5,臺股期貨,投信,638,1313278,263,537544,375,775734,1932,3979292,33679,69372004,-31747,-65392712
2017/7/5,臺股期貨,外資及陸資,52046,106468549,47802,97841220,4244,8627329,79250,162795391,29551,60551776,49699,102243615
2017/7/6,臺股期貨,自營商,17326,35575060,15845,32522606,1481,3052454,13379,27326986,12132,24675950,1247,2651036
2017/7/6,臺股期貨,投信,158,325959,102,209644,56,116315,1968,4040854,33659,69115391,-31691,-65074537
2017/7/6,臺股期貨,外資及陸資,41731,85674291,47032,96578231,-5301,-10903940,74051,151608213,29617,60503607,44434,91104606
2017/7/7,臺股期貨,自營商,18316,37417964,17414,35575380,902,1842584,14393,29224372,12162,24585201,2231,4639171
2017/7/7,臺股期貨,投信,0,0,925,1888254,-925,-1888254,1809,3690848,34425,70240770,-32616,-66549922
2017/7/7,臺股期貨,外資及陸資,37267,76158602,40564,82899718,-3297,-6741116,72856,148217441,31610,64187245,41246,84030196
2017/7/10,臺股期貨,自營商,15654,31955363,17507,35741441,-1853,-3786078,13273,26953156,12879,26063619,394,889537
2017/7/10,臺股期貨,投信,137,279985,56,114240,81,165745,1847,3770971,34382,70201168,-32535,-66430197
2017/7/10,臺股期貨,外資及陸資,35190,71856825,34332,70102139,858,1754686,73571,149780240,31499,64005272,42072,85774968
2017/7/11,臺股期貨,自營商,26902,55418814,23692,48822807,3210,6596007,16744,34470540,13101,26861569,3643,7608971
2017/7/11,臺股期貨,投信,1706,3522317,24,49656,1682,3472661,2100,4343395,32953,68159985,-30853,-63816590
2017/7/11,臺股期貨,外資及陸資,48971,100842882,46104,94980200,2867,5862683,76448,157646261,31547,64915725,44901,92730536
2017/7/12,臺股期貨,自營商,19585,40526229,19697,40751455,-112,-225226,15361,31607075,11868,24308302,3493,7298773
2017/7/12,臺股期貨,投信,1350,2795012,1055,2161842,295,633170,2366,4892165,32924,68057367,-30558,-63165202
2017/7/12,臺股期貨,外資及陸資,37617,77845306,42267,87485972,-4650,-9640665,73529,151533062,33285,68471457,40244,83061605
2017/7/13,臺股期貨,自營商,24784,51499961,23693,49259328,1091,2240633,15820,32789159,11385,23493186,4435,9295973
2017/7/13,臺股期貨,投信,3915,8156939,3242,6680077,673,1476862,2417,5036293,32302,67214473,-29885,-62178180
2017/7/13,臺股期貨,外資及陸資,55770,115932320,52841,109941598,2929,5990722,70832,147055340,27645,57304694,43187,89750646
2017/7/14,臺股期貨,自營商,12941,26905396,12364,25685088,577,1220308,16346,33840321,11334,23342056,5012,10498265
2017/7/14,臺股期貨,投信,4097,8530927,4099,8444115,-2,86812,2426,5047285,32313,67045702,-29887,-61998417
2017/7/14,臺股期貨,外資及陸資,33324,69210631,34768,72326090,-1444,-3115459,69135,143186966,27381,56662458,41754,86524508
2017/7/17,臺股期貨,自營商,25215,52530898,23737,49424913,1478,3105985,17401,36134688,10928,22536737,6473,13597951
2017/7/17,臺股期貨,投信,18557,38715051,18500,38205270,57,509782,2472,5137072,32302,66813556,-29830,-61676484
2017/7/17,臺股期貨,外資及陸資,73491,152777260,75406,157178920,-1915,-4401661,73680,152611238,33805,70147716,39875,82463522
2017/7/18,臺股期貨,自營商,20648,43015952,18193,37849038,2455,5166914,20448,42601704,11448,23648927,9000,18952777
2017/7/18,臺股期貨,投信,7610,15859919,7565,15651907,45,208012,2496,5169439,32281,66793578,-29785,-61624139
2017/7/18,臺股期貨,外資及陸資,55475,115220190,56424,117461149,-949,-2240959,70387,145788719,31470,65379308,38917,80409411
2017/7/19,臺股期貨,自營商,28496,59626204,34660,72598253,-6164,-12972049,7455,15448243,11255,23305107,-3800,-7856864
2017/7/19,臺股期貨,投信,341,709129,697,1451701,-356,-742572,2496,5183642,32517,67531306,-30021,-62347664
2017/7/19,臺股期貨,外資及陸資,42770,89233254,41131,85846912,1639,3386343,63079,130879898,19796,41054621,43283,89825277
2017/7/20,臺股期貨,自營商,12386,25742850,11312,23509272,1074,2233578,7869,16318411,10599,21958331,-2730,-5639920
2017/7/20,臺股期貨,投信,106,220217,91,189070,15,31147,2566,5332611,32572,67691130,-30006,-62358519
2017/7/20,臺股期貨,外資及陸資,27558,57279677,30262,62901121,-2704,-5621444,61399,127479618,20729,43018797,40670,84460821
2017/7/21,臺股期貨,自營商,14565,30125131,14338,29655112,227,470018,8818,18179370,11290,23251005,-2472,-5071635
2017/7/21,臺股期貨,投信,0,0,668,1380152,-668,-1380152,2515,5194934,33189,68555198,-30674,-63360264
2017/7/21,臺股期貨,外資及陸資,29385,60795887,31882,65961964,-2497,-5166077,59939,123689402,21774,44915869,38165,78773533
2017/7/24,臺股期貨,自營商,14205,29334998,14344,29620716,-139,-285718,8459,17489422,11033,22786709,-2574,-5297287
2017/7/24,臺股期貨,投信,156,322714,619,1275196,-463,-952482,2349,4867074,33486,69382992,-31137,-64515918
2017/7/24,臺股期貨,外資及陸資,34342,70898538,29184,60257274,5158,10641265,63142,130700150,19906,41179376,43236,89520774
2017/7/25,臺股期貨,自營商,14860,30789190,11465,23753026,3395,7036164,11002,22763629,10192,21047493,810,1716136
2017/7/25,臺股期貨,投信,98,203319,119,246457,-21,-43137,2330,4828642,33488,69400531,-31158,-64571889
2017/7/25,臺股期貨,外資及陸資,28050,58114536,31854,65988219,-3804,-7873683,60173,124573206,20786,43012061,39387,81561145
2017/7/26,臺股期貨,自營商,24933,51714550,25371,52631044,-438,-916494,10049,20722723,9643,19838634,406,884089
2017/7/26,臺股期貨,投信,741,1541078,90,185990,651,1355088,2601,5373610,33108,68401128,-30507,-63027518
2017/7/26,臺股期貨,外資及陸資,39806,82561000,41455,85981284,-1649,-3420284,60963,125802892,23111,47673776,37852,78129116
2017/7/27,臺股期貨,自營商,20504,42715792,22210,46281785,-1706,-3565993,9061,18888860,10365,21576754,-1304,-2687894
2017/7/27,臺股期貨,投信,575,1200812,11,22972,564,1177840,2688,5616250,32631,68179211,-29943,-62562961
2017/7/27,臺股期貨,外資及陸資,42202,87891897,34610,72104921,7592,15786976,67610,141118403,22169,46244640,45441,94873763
2017/7/28,臺股期貨,自營商,22691,47043692,19044,39478560,3647,7565133,12399,25602102,10062,20720709,2337,4881393
2017/7/28,臺股期貨,投信,62,128545,1279,2646532,-1217,-2517988,2205,4559456,33365,68992147,-31160,-64432691
2017/7/28,臺股期貨,外資及陸資,37162,77058281,46426,96289421,-9264,-19231141,61931,127915248,25764,53200551,36167,74714697
2017/7/31,臺股期貨,自營商,15786,32623076,16613,34319071,-827,-1695995,11523,23826202,10013,20648105,1510,3178097
2017/7/31,臺股期貨,投信,136,281744,476,982652,-340,-700908,2203,4562370,33703,69798541,-31500,-65236171
2017/7/31,臺股期貨,外資及陸資,34762,71816943,33434,69084577,1328,2732366,61864,127969868,24492,50647805,37372,77322063
2017/8/1,臺股期貨,自營商,19558,40635810,19524,40561887,34,73923,10887,22532059,9403,19407612,1484,3124447
2017/8/1,臺股期貨,投信,759,1575630,127,263440,632,1312190,2318,4806108,33186,68807285,-30868,-64001177
2017/8/1,臺股期貨,外資及陸資,37328,77575543,38956,80964542,-1628,-3388999,59503,123220938,23853,49378056,35650,73842882
2017/8/2,臺股期貨,自營商,20867,43580714,20500,42818034,367,762680,10579,22072065,8757,18218743,1822,3853322
2017/8/2,臺股期貨,投信,616,1286934,87,181527,529,1105407,2514,5255734,32853,68681625,-30339,-63425891
2017/8/2,臺股期貨,外資及陸資,38962,81377026,33884,70774100,5078,10602926,63990,133617706,23316,48663653,40674,84954053
2017/8/3,臺股期貨,自營商,22315,46312517,20280,42096918,2035,4215599,13164,27358068,9211,19077544,3953,8280524
2017/8/3,臺股期貨,投信,235,488494,903,1851048,-668,-1362554,2143,4460406,33150,68997689,-31007,-64537283
2017/8/3,臺股期貨,外資及陸資,47920,99605058,50196,104347304,-2276,-4742245,62792,130528089,24533,50978947,38259,79549142
2017/8/4,臺股期貨,自營商,10488,21874250,8926,18612354,1562,3261896,14271,29752930,8751,18174061,5520,11578869
2017/8/4,臺股期貨,投信,76,158642,2,4180,74,154462,2151,4490822,33084,69072012,-30933,-64581190
2017/8/4,臺股期貨,外資及陸資,27692,57743907,26533,55325614,1159,2418293,64334,134140014,24857,51807409,39477,82332605
2017/8/7,臺股期貨,自營商,15156,31860930,15170,31896876,-14,-35946,14425,30331835,8899,18638323,5526,11693512
2017/8/7,臺股期貨,投信,671,1412051,11,23135,660,1388916,2222,4679493,32495,68433643,-30273,-63754150
2017/8/7,臺股期貨,外資及陸資,29139,61263239,27883,58619098,1256,2644141,66237,139295739,25513,53631396,40724,85664343
2017/8/8,臺股期貨,自營商,18169,38254586,16283,34270883,1886,3983702,16278,34219308,8870,18565996,7408,15653312
2017/8/8,臺股期貨,投信,103,216891,101,212737,2,4154,2242,4719371,32513,68439038,-30271,-63719667
2017/8/8,臺股期貨,外資及陸資,35230,74160071,37290,78505412,-2060,-4345341,64823,136247684,26015,54663340,38808,81584344
2017/8/9,臺股期貨,自營商,24115,50457858,25815,54001811,-1700,-3543953,15472,32311317,9778,20336093,5694,11975224
2017/8/9,臺股期貨,投信,202,421150,546,1140670,-344,-719519,2390,4996195,33005,69012012,-30615,-64015817
2017/8/9,臺股期貨,外資及陸資,41913,87737309,43115,90248787,-1202,-2511478,63906,133423165,26235,54758225,37671,78664940
2017/8/10,臺股期貨,自營商,27545,57118041,29920,62103190,-2375,-4985149,14067,29019937,10753,22109345,3314,6910592
2017/8/10,臺股期貨,投信,2065,4276976,3126,6456967,-1061,-2179991,2297,4744340,33973,70171240,-31676,-65426900
2017/8/10,臺股期貨,外資及陸資,56167,116553394,62045,128765441,-5878,-12212047,59581,122903942,27699,57138895,31882,65765047
2017/8/11,臺股期貨,自營商,22726,46735338,23938,49224181,-1212,-2488842,13627,28023980,11506,23588241,2121,4435739
2017/8/11,臺股期貨,投信,5134,10575034,5294,10863287,-160,-288253,2206,4543417,34042,70075144,-31836,-65531727
2017/8/11,臺股期貨,外資及陸資,56699,116605850,54701,112557919,1998,4047931,63233,130031291,29115,59891263,34118,70140028
2017/8/14,臺股期貨,自營商,27055,55574109,28623,58818320,-1568,-3244210,15487,31576227,14581,29690459,906,1885768
2017/8/14,臺股期貨,投信,19333,39745688,20223,41385511,-890,-1639823,2179,4448490,34905,71131489,-32726,-66682999
2017/8/14,臺股期貨,外資及陸資,86756,178235787,84781,174325565,1975,3910222,57777,117761585,21542,43951865,36235,73809720
2017/8/15,臺股期貨,自營商,30584,62900730,26228,53926720,4356,8974010,15758,32358675,11176,22882165,4582,9476510
2017/8/15,臺股期貨,投信,9074,18673584,8965,18374811,109,298773,2236,4586770,34853,71451979,-32617,-66865209
2017/8/15,臺股期貨,外資及陸資,75052,154220072,77476,159321209,-2424,-5101137,61295,125662183,27565,56598445,33730,69063738
2017/8/16,臺股期貨,自營商,40690,83487764,36341,74543259,4349,8944506,10733,21929536,9291,18930469,1442,2999067
2017/8/16,臺股期貨,投信,502,1029055,533,1090863,-31,-61808,2277,4655554,34923,71403566,-32646,-66748012
2017/8/16,臺股期貨,外資及陸資,54180,111082621,57203,117281162,-3023,-6198542,55683,113774071,20995,42914766,34688,70859305
2017/8/17,臺股期貨,自營商,17268,35536721,18101,37258550,-833,-1721829,11157,22954931,10540,21630790,617,1324141
2017/8/17,臺股期貨,投信,672,1384422,39,80405,633,1304016,2364,4867949,34377,70789118,-32013,-65921169
2017/8/17,臺股期貨,外資及陸資,39358,81006172,34566,71134338,4792,9871835,59468,122376332,20108,41393941,39360,80982391
2017/8/18,臺股期貨,自營商,20366,41707662,19592,40125336,774,1582326,11521,23613417,10126,20696796,1395,2916621
2017/8/18,臺股期貨,投信,249,509706,134,274376,115,235330,2376,4874126,34274,70309684,-31898,-65435558
2017/8/18,臺股期貨,外資及陸資,46136,94516085,45702,93616730,434,899355,58669,120270407,18919,38797322,39750,81473085
2017/8/21,臺股期貨,自營商,15899,32596472,14579,29885993,1320,2710479,12731,26119663,10012,20480783,2719,5638880
2017/8/21,臺股期貨,投信,87,178692,52,106574,35,72119,2379,4885990,34242,70326220,-31863,-65440230
2017/8/21,臺股期貨,外資及陸資,41673,85443522,40641,83317834,1032,2125687,59391,121886377,18613,38208306,40778,83678071
2017/8/22,臺股期貨,自營商,16397,33920247,19544,40434260,-3147,-6514013,12313,25451199,12845,26496586,-532,-1045387
2017/8/22,臺股期貨,投信,590,1220180,52,107638,538,1112542,2482,5137244,33807,69973729,-31325,-64836485
2017/8/22,臺股期貨,外資及陸資,39926,82570217,36271,75013888,3655,7556330,62676,129624476,18269,37785943,44407,91838533
2017/8/23,臺股期貨,自營商,22251,46182299,22150,45963968,101,218331,10887,22520047,11318,23357083,-431,-837036
2017/8/23,臺股期貨,投信,341,708875,172,356736,169,352139,2466,5109059,33622,69657968,-31156,-64548909
2017/8/23,臺股期貨,外資及陸資,40446,83944844,43084,89430509,-2638,-5485665,61605,127527031,19867,41130798,41738,86396233
2017/8/24,臺股期貨,自營商,16216,33812810,18559,38703237,-2343,-4890427,11100,23152272,13845,28832106,-2745,-5679834
2017/8/24,臺股期貨,投信,780,1629568,34,71055,746,1558513,2520,5265288,32930,68803850,-30410,-63538562
2017/8/24,臺股期貨,外資及陸資,44201,92136261,34422,71769181,9779,20367079,70642,147486002,19000,39667571,51642,107818431
2017/8/25,臺股期貨,自營商,16939,35461629,15366,32167359,1573,3294271,11694,24484038,12839,26827123,-1145,-2343085
2017/8/25,臺股期貨,投信,445,933042,133,277882,312,655160,2592,5436461,32690,68563806,-30098,-63127345
2017/8/25,臺股期貨,外資及陸資,38297,80167864,39294,82261483,-997,-2093619,70180,147075885,19524,40917676,50656,106158209
2017/8/28,臺股期貨,自營商,14741,30913213,15003,31458850,-262,-545637,11623,24339652,13016,27202206,-1393,-2862554
2017/8/28,臺股期貨,投信,198,415020,1270,2664311,-1072,-2249291,2716,5697625,33886,71085859,-31170,-65388234
2017/8/28,臺股期貨,外資及陸資,38305,80338427,36548,76649528,1757,3688899,72231,151405307,19842,41593074,52389,109812233
2017/8/29,臺股期貨,自營商,17229,36014756,18542,38754081,-1313,-2739325,11088,23161161,13745,28663762,-2657,-5502601
2017/8/29,臺股期貨,投信,28,58598,192,400737,-164,-342139,2566,5370125,33900,70945744,-31334,-65575619
2017/8/29,臺股期貨,外資及陸資,41065,85861250,42085,87985156,-1020,-2123906,70260,146925669,18826,39368527,51434,107557142
2017/8/30,臺股期貨,自營商,21279,44751306,22814,47979450,-1535,-3228144,12003,25232584,16181,33974695,-4178,-8742111
2017/8/30,臺股期貨,投信,198,416405,718,1511891,-520,-1095486,2648,5576688,34502,72661044,-31854,-67084356
2017/8/30,臺股期貨,外資及陸資,51083,107427774,47669,100243498,3414,7184276,75333,158533745,20438,43012012,54895,115521733
2017/8/31,臺股期貨,自營商,15771,33285657,15188,32050436,583,1235221,11507,24231485,15068,31686802,-3561,-7455317
2017/8/31,臺股期貨,投信,65,137338,305,643265,-240,-505927,2616,5519760,34710,73237704,-32094,-67717944
2017/8/31,臺股期貨,外資及陸資,39858,84118271,40488,85446289,-630,-1328018,75851,159924668,21532,45400889,54319,114523779
2017/9/1,臺股期貨,自營商,14770,31233864,15119,31971200,-349,-737336,12381,26138044,16380,34540090,-3999,-8402046
2017/9/1,臺股期貨,投信,109,230708,82,173236,27,57472,2606,5511169,34673,73325966,-32067,-67814797
2017/9/1,臺股期貨,外資及陸資,34493,72942760,31059,65684730,3434,7258031,79164,167301682,21454,45343478,57710,121958204
2017/9/4,臺股期貨,自營商,13140,27749446,13634,28786060,-494,-1036613,11779,24817733,16341,34392958,-4562,-9575225
2017/9/4,臺股期貨,投信,64,135296,120,253086,-56,-117790,2521,5320318,34644,73112222,-32123,-67791904
2017/9/4,臺股期貨,外資及陸資,31881,67340407,30021,63412293,1860,3928114,80494,169768332,20929,44145201,59565,125623131
2017/9/5,臺股期貨,自營商,19222,40596181,17908,37811434,1314,2784747,11861,25062542,15136,31936842,-3275,-6874300
2017/9/5,臺股期貨,投信,57,120615,1635,3458663,-1578,-3338048,2536,5367190,36237,76691483,-33701,-71324293
2017/9/5,臺股期貨,外資及陸資,35929,75864427,37482,79141682,-1553,-3277255,79385,167898259,21349,45160387,58036,122737872
2017/9/6,臺股期貨,自營商,26829,56494554,28253,59489605,-1424,-2995051,11618,24403782,16300,34192268,-4682,-9788486
2017/9/6,臺股期貨,投信,28,58917,1348,2835788,-1320,-2776871,2378,5003312,37399,78686992,-35021,-73683680
2017/9/6,臺股期貨,外資及陸資,50067,105468907,51122,107683242,-1055,-2214335,77996,163986388,20952,44058287,57044,119928101
2017/9/7,臺股期貨,自營商,19166,40332494,20567,43274154,-1401,-2941660,11262,23590300,17376,36358239,-6114,-12767939
2017/9/7,臺股期貨,投信,56,117600,1315,2761295,-1259,-2643695,2279,4781798,38559,80903990,-36280,-76122192
2017/9/7,臺股期貨,外資及陸資,46177,97201866,45650,96108147,527,1093720,80185,168130533,22611,47418084,57574,120712449
2017/9/8,臺股期貨,自營商,22326,47052135,22170,46718316,156,333819,11019,23200871,17306,36410333,-6287,-13209462
2017/9/8,臺股期貨,投信,330,696337,2559,5400823,-2229,-4704487,2464,5199436,40973,86460609,-38509,-81261173
2017/9/8,臺股期貨,外資及陸資,49184,103655566,41094,86599991,8090,17055574,87193,183868471,21482,45300966,65711,138567505
2017/9/11,臺股期貨,自營商,25873,54724862,23439,49568932,2434,5155930,12210,25744403,16041,33776547,-3831,-8032144
2017/9/11,臺股期貨,投信,348,736631,724,1527991,-376,-791361,2507,5296191,41391,87440985,-38884,-82144794
2017/9/11,臺股期貨,外資及陸資,48420,102382212,54402,115043423,-5982,-12661211,82091,173296455,22370,47227693,59721,126068762
2017/9/12,臺股期貨,自營商,14763,31255427,14501,30698549,262,556879,12790,27034075,16363,34538200,-3573,-7504125
2017/9/12,臺股期貨,投信,47,99547,180,380973,-133,-281426,2370,5019085,41387,87647640,-39017,-82628555
2017/9/12,臺股期貨,外資及陸資,38161,80791111,36538,77363422,1623,3427689,83003,175648133,21620,45753695,61383,129894438
2017/9/13,臺股期貨,自營商,22967,48430300,23132,48792352,-165,-362051,13085,27477181,16835,35308084,-3750,-7830903
2017/9/13,臺股期貨,投信,1526,3215564,2733,5751855,-1207,-2536291,2006,4220915,42230,88851252,-40224,-84630337
2017/9/13,臺股期貨,外資及陸資,44998,94944070,48970,103315672,-3972,-8371602,83285,175103964,25930,54520491,57355,120583473
2017/9/14,臺股期貨,自營商,15367,32329633,14854,31245339,513,1084295,13734,28858236,16977,35631392,-3243,-6773156
2017/9/14,臺股期貨,投信,4086,8605758,4264,8958598,-178,-352841,1959,4125147,42361,89173607,-40402,-85048460
2017/9/14,臺股期貨,外資及陸資,45546,95816361,43789,92141715,1757,3674646,84169,177072923,25030,52662901,59139,124410022
2017/9/15,臺股期貨,自營商,19697,41478873,20161,42445639,-464,-966766,12554,26466105,16304,34330185,-3750,-7864080
2017/9/15,臺股期貨,投信,6524,13745643,6495,13651938,29,93705,1980,4183762,42351,89436461,-40371,-85252699
2017/9/15,臺股期貨,外資及陸資,56678,119287816,53325,112271774,3353,7016042,86300,182150396,23723,50081777,62577,132068619
2017/9/18,臺股期貨,自營商,27437,58246031,27426,58225994,11,20037,14670,31136275,18346,38899469,-3676,-7763194
2017/9/18,臺股期貨,投信,23421,49771530,22462,47639404,959,2132126,2202,4680620,41614,88383706,-39412,-83703086
2017/9/18,臺股期貨,外資及陸資,67175,142546505,64665,137319340,2510,5227165,95868,203612127,30677,65193088,65191,138419039
2017/9/19,臺股期貨,自營商,32123,68177772,27419,58159321,4704,10018451,18699,39498254,17664,37228105,1035,2270149
2017/9/19,臺股期貨,投信,8174,17324113,8726,18462993,-552,-1138881,1992,4206357,41956,88571122,-39964,-84364765
2017/9/19,臺股期貨,外資及陸資,77056,163471405,88888,188639980,-11832,-25168574,92326,194900606,38893,82170966,53433,112729640
2017/9/20,臺股期貨,自營商,38593,81234997,41228,86772761,-2635,-5537765,8848,18578533,16156,33888286,-7308,-15309753
2017/9/20,臺股期貨,投信,711,1497711,1811,3811403,-1100,-2313692,1720,3616095,42784,89948884,-41064,-86332789
2017/9/20,臺股期貨,外資及陸資,63562,133781073,62253,131032565,1309,2748508,75581,158809582,21296,44754664,54285,114054918
2017/9/21,臺股期貨,自營商,19361,40800144,18360,38697217,1001,2102928,10092,21315750,16428,34662110,-6336,-13346360
2017/9/21,臺股期貨,投信,711,1502907,33,69680,678,1433227,1751,3702633,42137,89102708,-40386,-85400075
2017/9/21,臺股期貨,外資及陸資,49074,103433323,45352,95548845,3722,7884478,78514,165935327,20372,43060972,58142,122874355
2017/9/22,臺股期貨,自營商,24161,50612071,25705,53897092,-1544,-3285021,10268,21396815,18169,37826301,-7901,-16429486
2017/9/22,臺股期貨,投信,422,890668,1053,2199571,-631,-1308904,1836,3830599,42853,89408313,-41017,-85577714
2017/9/22,臺股期貨,外資及陸資,48924,102589847,56158,117765072,-7234,-15175225,75040,156474404,24375,50837916,50665,105636488
2017/9/25,臺股期貨,自營商,26767,55450969,27152,56251704,-385,-800735,10142,20928957,18438,38017559,-8296,-17088602
2017/9/25,臺股期貨,投信,180,373971,1357,2812583,-1177,-2438612,1735,3585174,43929,90774706,-42194,-87189532
2017/9/25,臺股期貨,外資及陸資,59934,124227939,61914,128330940,-1980,-4103001,74423,153700433,25849,53394391,48574,100306042
2017/9/26,臺股期貨,自營商,27798,57316457,28600,58982216,-802,-1665759,10705,21937833,19812,40578542,-9107,-18640709
2017/9/26,臺股期貨,投信,324,665982,805,1656987,-481,-991005,1698,3485282,44373,91079822,-42675,-87594540
2017/9/26,臺股期貨,外資及陸資,58709,121141513,58557,120842686,152,298827,74922,153697915,26351,54063669,48571,99634246
2017/9/27,臺股期貨,自營商,24932,51443918,23248,47967661,1684,3476257,9726,20050695,17168,35361355,-7442,-15310660
2017/9/27,臺股期貨,投信,2293,4735765,85,175476,2208,4560289,1685,3478816,42152,87026809,-40467,-83547993
2017/9/27,臺股期貨,外資及陸資,41996,86649385,42223,87123202,-227,-473817,72931,150480316,24512,50581733,48419,99898583
2017/9/28,臺股期貨,自營商,20524,42313576,20659,42589664,-135,-276088,10167,20922717,17734,36463001,-7567,-15540284
2017/9/28,臺股期貨,投信,2231,4599263,167,344009,2064,4255254,1775,3658242,40178,82806660,-38403,-79148418
2017/9/28,臺股期貨,外資及陸資,57495,118529765,61772,127362614,-4277,-8832849,71875,148038331,27703,57068182,44172,90970149
2017/9/29,臺股期貨,自營商,18973,39083055,19617,40402193,-644,-1319138,9543,19657581,17767,36571020,-8224,-16913439
2017/9/29,臺股期貨,投信,188,387884,378,777926,-190,-390042,1789,3691744,40382,83332079,-38593,-79640335
2017/9/29,臺股期貨,外資及陸資,38526,79349453,37050,76314287,1476,3035166,72962,150460333,27331,56370188,45631,94090145
2017/9/30,臺股期貨,自營商,10945,22703004,9774,20279570,1171,2423434,10426,21607529,17442,36122669,-7016,-14515140
2017/9/30,臺股期貨,投信,1257,2609230,30,62264,1227,2546966,1991,4132899,39357,81697075,-37366,-77564176
2017/9/30,臺股期貨,外資及陸資,5468,11331109,5138,10650532,330,680577,73001,151439882,27039,56100240,45962,95339642
2017/10/2,臺股期貨,自營商,22092,46072049,22006,45916469,86,155580,11532,24050464,18411,38391533,-6879,-14341069
2017/10/2,臺股期貨,投信,2040,4263355,5,10452,2035,4252903,2024,4230140,37355,78071746,-35331,-73841606
2017/10/2,臺股期貨,外資及陸資,33964,70865491,29950,62485533,4014,8379958,73744,154036539,23690,49484961,50054,104551578
2017/10/3,臺股期貨,自營商,19969,41748156,16674,34857748,3295,6890408,13506,28206610,17090,35674126,-3584,-7467516
2017/10/3,臺股期貨,投信,1204,2519459,145,303074,1059,2216385,1967,4116124,36239,75833527,-34272,-71717403
2017/10/3,臺股期貨,外資及陸資,34055,71200835,35767,74783240,-1712,-3582404,72490,151606808,24109,50421579,48381,101185229
2017/10/5,臺股期貨,自營商,20115,42205667,21953,46055554,-1838,-3849887,10878,22811997,16199,33961898,-5321,-11149901
2017/10/5,臺股期貨,投信,1034,2172792,290,608439,744,1564353,2035,4275511,35563,74716904,-33528,-70441393
2017/10/5,臺股期貨,外資及陸資,35963,75458108,31309,65700138,4654,9757970,77126,161955298,23975,50341024,53151,111614274
2017/10/6,臺股期貨,自營商,13653,28718373,12678,26663854,975,2054518,11356,23857083,15686,32940943,-4330,-9083860
2017/10/6,臺股期貨,投信,136,286185,99,208079,37,78106,2141,4505926,35632,74990018,-33491,-70484092
2017/10/6,臺股期貨,外資及陸資,30245,63618719,30451,64058099,-206,-439380,75510,158834316,22567,47464736,52943,111369580
2017/10/11,臺股期貨,自營商,35114,74508184,34797,73840083,317,668101,10202,21651805,14230,30198628,-4028,-8546823
2017/10/11,臺股期貨,投信,943,2003959,84,178194,859,1825765,2173,4620638,34805,74008109,-32632,-69387471
2017/10/11,臺股期貨,外資及陸資,62448,132533902,56824,120585638,5624,11948264,82681,175721295,24114,51242288,58567,124479007
2017/10/12,臺股期貨,自營商,20851,44492648,18981,40516480,1870,3976168,10759,22967338,13341,28483866,-2582,-5516528
2017/10/12,臺股期貨,投信,4110,8782615,3631,7745614,479,1037001,2131,4559019,34284,73335376,-32153,-68776357
2017/10/12,臺股期貨,外資及陸資,35446,75643372,34643,73946169,803,1697204,84662,181027174,25292,54075792,59370,126951382
2017/10/13,臺股期貨,自營商,14636,31285560,12658,27051985,1978,4233574,11991,25635507,12828,27422814,-837,-1787307
2017/10/13,臺股期貨,投信,5615,11997073,5670,12098897,-55,-101824,2056,4403914,34264,73368812,-32208,-68964898
2017/10/13,臺股期貨,外資及陸資,31673,67668290,33192,70937631,-1519,-3269341,86903,186038779,29067,62228432,57836,123810347
2017/10/16,臺股期貨,自營商,23786,51060722,24068,51670102,-282,-609380,12840,27567428,13832,29694937,-992,-2127509
2017/10/16,臺股期貨,投信,17789,38206980,17537,37623684,252,583297,2044,4394383,34000,73073239,-31956,-68678856
2017/10/16,臺股期貨,外資及陸資,68808,147669162,70864,152140076,-2056,-4470913,97183,208879983,41403,89009984,55780,119869999
2017/10/17,臺股期貨,自營商,24122,51846715,25677,55174166,-1555,-3327452,11146,23860929,14166,30324120,-3020,-6463191
2017/10/17,臺股期貨,投信,8595,18473796,8788,18874234,-193,-400438,1991,4266886,34140,73162438,-32149,-68895552
2017/10/17,臺股期貨,外資及陸資,78534,168791618,78297,168314064,237,477554,97988,209979425,41987,89988493,56001,119990932
2017/10/18,臺股期貨,自營商,29920,64180528,29974,64273052,-54,-92525,6157,13175500,12774,27367456,-6617,-14191956
2017/10/18,臺股期貨,投信,483,1035877,507,1086865,-24,-50988,1962,4208090,34134,73210531,-32172,-69002441
2017/10/18,臺股期貨,外資及陸資,48912,104900861,46359,99445518,2553,5455343,77900,167044373,20186,43279742,57714,123764631
2017/10/19,臺股期貨,自營商,17718,38152484,17184,36995397,534,1157087,6166,13241425,12180,26173861,-6014,-12932436
2017/10/19,臺股期貨,投信,822,1769506,11,23703,811,1745803,2102,4523920,33463,72019003,-31361,-67495083
2017/10/19,臺股期貨,外資及陸資,35728,76953219,36566,78751654,-838,-1798435,78809,169580729,21933,47188505,56876,122392224
2017/10/20,臺股期貨,自營商,17961,38547916,19439,41708550,-1478,-3160634,5624,12042507,13064,27994354,-7440,-15951847
2017/10/20,臺股期貨,投信,28,60099,117,250712,-89,-190612,2060,4420345,33510,71905710,-31450,-67485365
2017/10/20,臺股期貨,外資及陸資,41724,89537678,40607,87148648,1117,2389030,80084,171819037,22080,47364368,58004,124454669
2017/10/23,臺股期貨,自營商,19321,41552109,16095,34606918,3226,6945191,7896,16928248,12011,25750186,-4115,-8821938
2017/10/23,臺股期貨,投信,99,212993,42,90093,57,122900,2081,4468319,33474,71875313,-31393,-67406994
2017/10/23,臺股期貨,外資及陸資,34874,75007915,37435,80516320,-2561,-5508405,77484,166344335,22031,47284116,55453,119060219
2017/10/24,臺股期貨,自營商,12557,26960509,13874,29789545,-1317,-2829036,6832,14651212,12202,26182024,-5370,-11530812
2017/10/24,臺股期貨,投信,879,1889123,103,220927,776,1668196,2147,4613470,32764,70403229,-30617,-65789759
2017/10/24,臺股期貨,外資及陸資,28952,62162787,28075,60282310,877,1880476,79289,170348404,22959,49311224,56330,121037180
2017/10/25,臺股期貨,自營商,19832,42645724,19482,41884913,350,760811,6783,14541497,11810,25325388,-5027,-10783891
2017/10/25,臺股期貨,投信,123,264639,180,386765,-57,-122126,2091,4490628,32765,70366054,-30674,-65875426
2017/10/25,臺股期貨,外資及陸資,37388,80404241,40640,87397061,-3252,-6992821,76166,163543343,23091,49566921,53075,113976422
2017/10/26,臺股期貨,自營商,13706,29393679,14740,31613413,-1034,-2219733,5594,11974159,11682,25023312,-6088,-13049153
2017/10/26,臺股期貨,投信,324,695379,160,343291,164,352089,1967,4219605,32477,69669606,-30510,-65450001
2017/10/26,臺股期貨,外資及陸資,34582,74179736,33998,72912731,584,1267005,77492,166206468,23833,51101216,53659,115105252
2017/10/27,臺股期貨,自營商,23605,50728219,23159,49753523,446,974696,6891,14727168,12442,26607874,-5551,-11880706
2017/10/27,臺股期貨,投信,126,271375,626,1340537,-500,-1069162,1668,3572852,32678,69996210,-31010,-66423358
2017/10/27,臺股期貨,外資及陸資,42782,91920763,43388,93232346,-606,-1311583,77894,166813753,24847,53186949,53047,113626804
2017/10/30,臺股期貨,自營商,24403,52544585,23312,50184791,1091,2359795,6830,14643032,11165,23950764,-4335,-9307732
2017/10/30,臺股期貨,投信,1135,2441812,16,34387,1119,2407425,1903,4089543,31794,68325273,-29891,-64235730
2017/10/30,臺股期貨,外資及陸資,54430,117191649,52053,112060241,2377,5131408,81124,174298351,25700,55188739,55424,119109612
2017/10/31,臺股期貨,自營商,19143,41218602,16530,35585435,2613,5633167,8671,18658424,10337,22240975,-1666,-3582551
2017/10/31,臺股期貨,投信,93,200315,227,487378,-134,-287063,1754,3782320,31779,68528236,-30025,-64745916
2017/10/31,臺股期貨,外資及陸資,34615,74520631,35787,77045639,-1172,-2525008,81299,175270806,27050,58286610,54249,116984196
2017/11/1,臺股期貨,自營商,17278,37315511,17241,37228261,37,87250,8096,17468597,9736,20996964,-1640,-3528367
2017/11/1,臺股期貨,投信,442,955836,81,174946,361,780890,1880,4063803,31544,68185510,-29664,-64121707
2017/11/1,臺股期貨,外資及陸資,35381,76423030,38791,83794302,-3410,-7371272,77963,168482620,27171,58690199,50792,109792421
2017/11/2,臺股期貨,自營商,13210,28484364,13589,29305735,-379,-821371,8410,18099741,10407,22388853,-1997,-4289112
2017/11/2,臺股期貨,投信,128,276129,265,570555,-137,-294426,1749,3771189,31550,68028110,-29801,-64256921
2017/11/2,臺股期貨,外資及陸資,32062,69165851,31881,68768997,181,396853,78170,168507902,27224,58658545,50946,109849357
2017/11/3,臺股期貨,自營商,13784,29694841,12502,26928653,1282,2766187,9571,20612233,10205,21964494,-634,-1352261
2017/11/3,臺股期貨,投信,42,90726,386,831758,-344,-741032,1676,3615797,31821,68650625,-30145,-65034828
2017/11/3,臺股期貨,外資及陸資,32113,69192574,34410,74144808,-2297,-4952234,76727,165488831,28078,60533472,48649,104955359
2017/11/6,臺股期貨,自營商,16729,36059129,16249,35022948,480,1036181,11248,24194167,11276,24237437,-28,-43270
2017/11/6,臺股期貨,投信,684,1478533,147,316731,537,1161802,1918,4131750,31526,67913309,-29608,-63781559
2017/11/6,臺股期貨,外資及陸資,43729,94265669,45457,97964770,-1728,-3699101,76720,165226642,29801,64151203,46919,101075439
2017/11/7,臺股期貨,自營商,14870,32107492,13094,28270794,1776,3836697,12225,26418615,10273,22180142,1952,4238473
2017/11/7,臺股期貨,投信,859,1855584,468,1008860,391,846724,1936,4190237,31153,67432910,-29217,-63242673
2017/11/7,臺股期貨,外資及陸資,32861,70952695,30115,65033091,2746,5919605,76830,166257603,27165,58751351,49665,107506252
2017/11/8,臺股期貨,自營商,11477,24808998,11021,23818566,456,990432,12172,26264413,9751,21016899,2421,5247514
2017/11/8,臺股期貨,投信,0,0,3,6483,-3,-6483,1933,4176785,31153,67320759,-29220,-63143974
2017/11/8,臺股期貨,外資及陸資,28891,62423663,30514,65933923,-1623,-3510260,73243,158229395,26601,57435285,46642,100794110
2017/11/9,臺股期貨,自營商,23315,50215246,24437,52607700,-1122,-2392454,12219,26161052,10900,23317886,1319,2843166
2017/11/9,臺股期貨,投信,3556,7669836,4521,9736759,-965,-2066923,1551,3325533,31736,68043431,-30185,-64717898
2017/11/9,臺股期貨,外資及陸資,56453,121625761,58597,126282587,-2144,-4656826,73692,157969722,29194,62551973,44498,95417749
2017/11/10,臺股期貨,自營商,17127,36653016,18344,39252445,-1217,-2599429,10704,22930684,10685,22874470,19,56214
2017/11/10,臺股期貨,投信,4080,8738879,4120,8815657,-40,-76779,1505,3228882,31730,68067042,-30225,-64838160
2017/11/10,臺股期貨,外資及陸資,50709,108523085,48881,104619801,1828,3903284,77267,165731136,30921,66295333,46346,99435803
2017/11/13,臺股期貨,自營商,15586,33373983,16378,35065239,-792,-1691256,11248,24016729,12005,25621687,-757,-1604958
2017/11/13,臺股期貨,投信,15767,33774051,16075,34414235,-308,-640183,1397,2986018,31930,68249651,-30533,-65263633
2017/11/13,臺股期貨,外資及陸資,62856,134600103,62238,133296227,618,1303876,76678,163893859,29710,63473446,46968,100420413
2017/11/14,臺股期貨,自營商,27374,58449135,24539,52393120,2835,6056015,12302,26242674,10204,21744302,2098,4498372
2017/11/14,臺股期貨,投信,9432,20141687,8979,19165224,453,976463,1550,3308512,31630,67511379,-30080,-64202867
2017/11/14,臺股期貨,外資及陸資,93420,199448383,95973,204906693,-2553,-5458310,82523,176163815,38111,81331278,44412,94832537
2017/11/15,臺股期貨,自營商,25168,53497660,25098,53344725,70,152935,5775,12216613,6556,13854853,-781,-1638240
2017/11/15,臺股期貨,投信,193,410361,890,1889704,-697,-1479342,1403,2974921,32184,68242954,-30781,-65268033
2017/11/15,臺股期貨,外資及陸資,57784,122803058,61256,130202947,-3472,-7399889,67995,144155729,29600,62719644,38395,81436085
2017/11/16,臺股期貨,自營商,10311,21865602,10275,21792162,36,73441,6209,13151800,6951,14707084,-742,-1555284
2017/11/16,臺股期貨,投信,122,259041,103,218720,19,40321,1420,3015228,32182,68335259,-30762,-65320031
2017/11/16,臺股期貨,外資及陸資,28789,61058792,27589,58514654,1200,2544138,69219,146956539,29623,62855380,39596,84101159
2017/11/17,臺股期貨,自營商,14826,31689153,16107,34436015,-1281,-2746862,5836,12458159,7845,16738592,-2009,-4280433
2017/11/17,臺股期貨,投信,815,1743445,655,1401345,160,342099,1690,3617614,32292,69124255,-30602,-65506641
2017/11/17,臺股期貨,外資及陸資,42238,90306482,34560,73890516,7678,16415966,71797,153665984,24523,52447815,47274,101218169
2017/11/20,臺股期貨,自營商,13312,28434899,12081,25795950,1231,2638948,6744,14351927,7571,16088193,-827,-1736266
2017/11/20,臺股期貨,投信,111,236864,781,1667003,-670,-1430139,1657,3534712,32929,70244143,-31272,-66709431
2017/11/20,臺股期貨,外資及陸資,26839,57338181,30776,65761746,-3937,-8423564,70372,150094552,27036,57623035,43336,92471517
2017/11/21,臺股期貨,自營商,19713,42324621,19069,40941305,644,1383316,7370,15858693,7556,16237292,-186,-378599
2017/11/21,臺股期貨,投信,877,1889023,52,111802,825,1777221,1736,3744552,32183,69418731,-30447,-65674179
2017/11/21,臺股期貨,外資及陸資,37978,81491487,36236,77785062,1742,3706424,73146,157753313,28067,60488897,45079,97264416
2017/11/22,臺股期貨,自營商,23800,51567462,23176,50217747,624,1349716,7954,17184286,7499,16183614,455,1000672
2017/11/22,臺股期貨,投信,245,531361,1047,2266666,-802,-1735305,1731,3747961,32980,71408296,-31249,-67660335
2017/11/22,臺股期貨,外資及陸資,42425,91931837,39945,86560056,2480,5371781,75471,163387100,27912,60373462,47559,103013638
2017/11/23,臺股期貨,自營商,9997,21666093,9053,19620375,944,2045718,8439,18280634,7033,15216999,1406,3063635
2017/11/23,臺股期貨,投信,129,280017,33,71426,96,208591,1774,3850999,32927,71477932,-31153,-67626933
2017/11/23,臺股期貨,外資及陸資,23794,51570680,24164,52375390,-370,-804710,74703,162142599,27514,59664615,47189,102477984
2017/11/24,臺股期貨,自營商,8340,18076097,7831,16975248,509,1100849,8806,19069987,6891,14907455,1915,4162532
2017/11/24,臺股期貨,投信,136,295192,1069,2319605,-933,-2024414,1815,3940002,33901,73592291,-32086,-69652289
2017/11/24,臺股期貨,外資及陸資,21381,46362981,21636,46905543,-255,-542562,74286,161236160,27377,59358755,46909,101877405
2017/11/27,臺股期貨,自營商,17764,38311142,18972,40905464,-1208,-2594322,8604,18455933,7793,16697921,811,1758012
2017/11/27,臺股期貨,投信,71,152615,1279,2754062,-1208,-2601447,1473,3166655,34767,74742097,-33294,-71575442
2017/11/27,臺股期貨,外資及陸資,40275,86874559,44725,96505659,-4450,-9631100,70923,152445922,28471,61135176,42452,91310746
2017/11/28,臺股期貨,自營商,13724,29426327,17549,37631244,-3825,-8204916,7038,15029991,10057,21479516,-3019,-6449525
2017/11/28,臺股期貨,投信,7,14995,81,173568,-74,-158572,1460,3126736,34828,74587645,-33368,-71460909
2017/11/28,臺股期貨,外資及陸資,43509,93316683,43659,93641003,-150,-324320,70569,151105012,28270,60467057,42299,90637955
2017/11/29,臺股期貨,自營商,16521,35455151,14874,31918735,1647,3536416,6733,14405026,8100,17322861,-1367,-2917835
2017/11/29,臺股期貨,投信,263,564564,57,122243,206,442322,1490,3196944,34652,74349331,-33162,-71152387
2017/11/29,臺股期貨,外資及陸資,40864,87696915,41050,88102717,-186,-405803,70565,151378163,28451,60962655,42114,90415508
2017/11/30,臺股期貨,自營商,23375,49642590,23360,49599555,15,43035,7793,16447641,9171,19340548,-1378,-2892907
2017/11/30,臺股期貨,投信,96,203465,628,1329184,-532,-1125718,1479,3128381,35173,74397930,-33694,-71269549
2017/11/30,臺股期貨,外資及陸資,62612,133019144,67548,143546897,-4936,-10527752,70505,149107905,33327,70408918,37178,78698987
2017/12/1,臺股期貨,自營商,27769,58756752,27558,58296826,211,459926,8596,18184666,9795,20710523,-1199,-2525857
2017/12/1,臺股期貨,投信,606,1284629,124,262458,482,1022171,1517,3216950,34729,73646317,-33212,-70429367
2017/12/1,臺股期貨,外資及陸資,76276,161377187,73653,155846661,2623,5530526,69823,148040743,30022,63575095,39801,84465648
2017/12/4,臺股期貨,自營商,18504,39253367,18546,39336257,-42,-82890,8560,18178420,9795,20793618,-1235,-2615198
2017/12/4,臺股期貨,投信,192,408602,28,59561,164,349041,1565,3333137,34613,73718767,-33048,-70385630
2017/12/4,臺股期貨,外資及陸資,63530,134711390,62811,133203583,719,1507808,69097,147132278,28576,60768681,40521,86363597
2017/12/5,臺股期貨,自營商,19899,42121382,20631,43666404,-732,-1545022,8359,17622213,10344,21799506,-1985,-4177293
2017/12/5,臺股期貨,投信,367,778675,691,1461000,-324,-682326,1635,3456717,35007,74011799,-33372,-70555082
2017/12/5,臺股期貨,外資及陸資,59813,126687891,60016,127134074,-203,-446183,69301,146485441,28955,61124566,40346,85360875
2017/12/6,臺股期貨,自營商,31523,65985793,33095,69269403,-1572,-3283610,8052,16672740,11567,23942530,-3515,-7269790
2017/12/6,臺股期貨,投信,397,824756,1478,3082232,-1081,-2257476,1860,3862848,36313,75414838,-34453,-71551990
2017/12/6,臺股期貨,外資及陸資,73556,154149874,74178,155502602,-622,-1352728,70353,146076868,30203,62630774,40150,83446094
2017/12/7,臺股期貨,自營商,21589,44765081,22303,46240315,-714,-1475233,7519,15529867,11734,24240609,-4215,-8710742
2017/12/7,臺股期貨,投信,714,1481537,141,292360,573,1189177,1884,3905532,35764,74138772,-33880,-70233240
2017/12/7,臺股期貨,外資及陸資,67021,139017667,67945,140946863,-924,-1929196,71195,147552083,31973,66184007,39222,81368076
2017/12/8,臺股期貨,自營商,20153,41814855,19448,40333968,705,1480887,8278,17158719,11795,24440463,-3517,-7281744
2017/12/8,臺股期貨,投信,747,1552634,70,145088,677,1407546,2020,4199984,35223,73235662,-33203,-69035678
2017/12/8,臺股期貨,外資及陸資,53075,110109815,55706,115582298,-2631,-5472483,70149,145815079,33531,69623135,36618,76191944
2017/12/11,臺股期貨,自營商,17581,36778009,17800,37243855,-219,-465845,7941,16588513,11825,24695092,-3884,-8106579
2017/12/11,臺股期貨,投信,1132,2371391,84,176035,1048,2195356,2040,4275010,34195,71659042,-32155,-67384032
2017/12/11,臺股期貨,外資及陸資,43965,91984560,41692,87236923,2273,4747637,69134,144839139,30229,63250596,38905,81588543
2017/12/12,臺股期貨,自營商,19719,41152405,18935,39505121,784,1647284,8292,17246814,11424,23743980,-3132,-6497166
2017/12/12,臺股期貨,投信,196,409722,652,1360394,-456,-950672,2026,4226628,34637,72259571,-32611,-68032943
2017/12/12,臺股期貨,外資及陸資,46774,97625509,46403,96876048,371,749461,69190,144306473,29911,62304165,39279,82002308
2017/12/13,臺股期貨,自營商,14663,30633709,16306,34066090,-1643,-3432381,7040,14663168,11862,24705416,-4822,-10042248
2017/12/13,臺股期貨,投信,387,809106,99,206861,288,602245,1989,4156997,34312,71711906,-32323,-67554909
2017/12/13,臺股期貨,外資及陸資,40440,84491025,38025,79451310,2415,5039715,70199,146676727,28505,59477327,41694,87199400
2017/12/14,臺股期貨,自營商,18717,39441268,20086,42337215,-1369,-2895947,6376,13366052,12569,26371417,-6193,-13005365
2017/12/14,臺股期貨,投信,3981,8396837,3664,7719443,317,677394,2159,4544950,34165,71920827,-32006,-67375877
2017/12/14,臺股期貨,外資及陸資,50938,107389620,47692,100555992,3246,6833628,74253,156278154,29297,61576247,44956,94701907
2017/12/15,臺股期貨,自營商,27665,57884173,22439,46937196,5226,10946977,9217,19266862,10191,21268983,-974,-2002121
2017/12/15,臺股期貨,投信,4514,9441213,5731,11975328,-1217,-2534115,1898,3979338,35121,73616258,-33223,-69636920
2017/12/15,臺股期貨,外資及陸資,63259,132342153,68468,143259739,-5209,-10917586,73826,154720276,34079,71345814,39747,83374462
2017/12/18,臺股期貨,自營商,18289,38362395,17843,37419350,446,943045,10316,21611360,10850,22687252,-534,-1075892
2017/12/18,臺股期貨,投信,16431,34468529,16041,33604170,390,864358,1757,3688585,34590,72588500,-32833,-68899915
2017/12/18,臺股期貨,外資及陸資,79571,166839881,81124,170152757,-1553,-3312876,78352,164425338,40158,84215756,38194,80209582
2017/12/19,臺股期貨,自營商,22954,48136250,25798,54105135,-2844,-5968885,8112,16912521,11485,23921263,-3373,-7008742
2017/12/19,臺股期貨,投信,11344,23795287,11393,23881275,-49,-85988,1742,3639178,34624,72323532,-32882,-68684354
2017/12/19,臺股期貨,外資及陸資,88115,184921707,83659,175580641,4456,9341066,84319,176159732,41664,86988081,42655,89171651
2017/12/20,臺股期貨,自營商,23930,50166871,25087,52590403,-1157,-2423532,4455,9315639,8651,18100326,-4196,-8784687
2017/12/20,臺股期貨,投信,498,1044508,1072,2250522,-574,-1206014,1728,3631546,35179,73932186,-33451,-70300640
2017/12/20,臺股期貨,外資及陸資,55547,116430643,47715,100012933,7832,16417710,65699,138044959,20117,42186101,45582,95858858
2017/12/21,臺股期貨,自營商,12926,27153101,13050,27418989,-124,-265888,4154,8674843,8474,17713282,-4320,-9038439
2017/12/21,臺股期貨,投信,107,225219,411,862560,-304,-637341,1724,3618660,35479,74470421,-33755,-70851761
2017/12/21,臺股期貨,外資及陸資,39203,82380087,41211,86602823,-2008,-4222736,65705,137889563,22131,46362004,43574,91527559
2017/12/22,臺股期貨,自營商,8647,18154325,8922,18727895,-275,-573570,4530,9491609,9138,19166719,-4608,-9675110
2017/12/22,臺股期貨,投信,715,1505647,69,144651,646,1360995,1779,3747622,34888,73495061,-33109,-69747439
2017/12/22,臺股期貨,外資及陸資,28291,59398142,26696,56051700,1595,3346442,66338,139720020,21169,44500653,45169,95219367
2017/12/25,臺股期貨,自營商,8446,17795133,9064,19092038,-618,-1296905,4423,9259753,9640,20208029,-5217,-10948276
2017/12/25,臺股期貨,投信,71,149832,197,415032,-126,-265200,1708,3595321,34943,73555015,-33235,-69959694
2017/12/25,臺股期貨,外資及陸資,19553,41193944,19172,40391475,381,802469,66574,140110579,21024,44161342,45550,95949237
2017/12/26,臺股期貨,自營商,19046,39809773,20070,41947864,-1024,-2138091,4481,9284335,10596,21983332,-6115,-12698997
2017/12/26,臺股期貨,投信,90,188268,1619,3377656,-1529,-3189388,1528,3183418,36292,75610753,-34764,-72427335
2017/12/26,臺股期貨,外資及陸資,44162,92340850,46290,96827049,-2128,-4486199,66042,137564149,22619,47029623,43423,90534526
2017/12/27,臺股期貨,自營商,13278,27741845,14252,29780168,-974,-2038322,3954,8224396,11040,23028411,-7086,-14804015
2017/12/27,臺股期貨,投信,203,424129,555,1161572,-352,-737443,1613,3378882,36729,76939909,-35116,-73561027
2017/12/27,臺股期貨,外資及陸資,39833,83229068,34441,71972336,5392,11256732,70161,146941036,21346,44615955,48815,102325081
2017/12/28,臺股期貨,自營商,16868,35589530,16303,34413247,565,1176283,5310,11148326,11831,24887719,-6521,-13739393
2017/12/28,臺股期貨,投信,610,1283729,113,238753,497,1044976,1914,4042721,36533,77165003,-34619,-73122282
2017/12/28,臺股期貨,外資及陸資,44825,94625536,42324,89350693,2501,5274843,73215,154611039,21888,46129164,51327,108481875
2017/12/29,臺股期貨,自營商,16776,35615125,14866,31566937,1910,4048188,6778,14337806,11316,23955201,-4538,-9617395
2017/12/29,臺股期貨,投信,1251,2660093,7,14883,1244,2645210,1962,4172358,35337,75147664,-33375,-70975306
2017/12/29,臺股期貨,外資及陸資,35763,75959193,38351,81460041,-2588,-5500848,72655,154473964,23916,50756046,48739,103717918
2018/1/2,臺股期貨,自營商,16455,35091276,14741,31428126,1714,3663151,10826,23098950,13712,29244912,-2886,-6145962
2018/1/2,臺股期貨,投信,159,340119,450,963507,-291,-623389,2054,4398812,35720,76497952,-33666,-72099140
2018/1/2,臺股期貨,外資及陸資,39224,83634044,35821,76388447,3403,7245597,76058,162848744,23916,51117291,52142,111731453
2018/1/3,臺股期貨,自營商,22237,47847425,21284,45810894,953,2036532,10174,21854544,12011,25809068,-1837,-3954524
2018/1/3,臺股期貨,投信,198,427121,130,280199,68,146922,2035,4390685,35633,76881761,-33598,-72491076
2018/1/3,臺股期貨,外資及陸資,41530,89465381,42741,92061745,-1211,-2596363,75808,163526351,24877,53576084,50931,109950267
2018/1/4,臺股期貨,自營商,15879,34309692,15364,33190769,515,1118923,10242,22100623,11554,24937564,-1312,-2836941
2018/1/4,臺股期貨,投信,230,498238,231,499914,-1,-1676,1895,4107194,35494,76929696,-33599,-72822502
2018/1/4,臺股期貨,外資及陸資,41637,89934233,40649,87828278,988,2105956,74716,161903161,22797,49324598,51919,112578563
2018/1/5,臺股期貨,自營商,15157,32852992,15675,33985064,-518,-1132072,10068,21764042,11808,25545763,-1740,-3781721
2018/1/5,臺股期貨,投信,27,58647,85,184118,-58,-125471,1818,3947942,35475,77037510,-33657,-73089568
2018/1/5,臺股期貨,外資及陸資,36624,79396361,36761,79700174,-137,-303813,73223,158974991,21517,46645806,51706,112329185
2018/1/8,臺股期貨,自營商,15190,33019822,12433,27032686,2757,5987136,11730,25430005,10689,23173834,1041,2256171
2018/1/8,臺股期貨,投信,159,345931,230,500341,-71,-154409,1740,3787598,35468,77206742,-33728,-73419144
2018/1/8,臺股期貨,外資及陸資,40314,87659864,42337,92071002,-2023,-4411138,73599,160172386,23925,52007468,49674,108164918
2018/1/9,臺股期貨,自營商,11745,25543185,12867,27976618,-1122,-2433433,11098,24046207,11155,24180414,-57,-134207
2018/1/9,臺股期貨,投信,80,174112,16,34752,64,139360,1808,3933815,35472,77179978,-33664,-73246163
2018/1/9,臺股期貨,外資及陸資,36030,78381057,32391,70463745,3639,7917313,77432,168438976,24119,52406623,53313,116032353
2018/1/10,臺股期貨,自營商,18615,40383720,22424,48634153,-3809,-8250434,9030,19430192,13323,28712368,-4293,-9282176
2018/1/10,臺股期貨,投信,463,1001436,152,329140,311,672296,1700,3675370,35053,75784583,-33353,-72109213
2018/1/10,臺股期貨,外資及陸資,50306,109180305,49894,108276928,412,903377,77298,167076817,23573,50893715,53725,116183102
2018/1/11,臺股期貨,自營商,17395,37546271,16537,35689356,858,1856915,8774,18859548,12182,26221771,-3408,-7362223
2018/1/11,臺股期貨,投信,2420,5221324,1969,4243296,451,978028,1655,3574179,34557,74631932,-32902,-71057753
2018/1/11,臺股期貨,外資及陸資,54794,118267711,56051,120983578,-1257,-2715867,78216,168884878,25748,55539256,52468,113345622
2018/1/12,臺股期貨,自營商,20715,45003358,21610,46957012,-895,-1953654,10413,22561869,15103,32771237,-4690,-10209368
2018/1/12,臺股期貨,投信,6414,13960153,5243,11404016,1171,2556138,1779,3869546,33510,72884062,-31731,-69014516
2018/1/12,臺股期貨,外資及陸資,57205,124312063,54594,118670912,2611,5641151,81840,177971319,26763,58146807,55077,119824512
2018/1/15,臺股期貨,自營商,22879,50010372,18259,39901923,4620,10108449,12668,27676212,12666,27673649,2,2563
2018/1/15,臺股期貨,投信,17782,38872333,16961,37055763,821,1816570,1643,3599727,32553,71316222,-30910,-67716495
2018/1/15,臺股期貨,外資及陸資,77920,170269099,81955,179134196,-4035,-8865097,77665,170111073,26671,58370209,50994,111740864
2018/1/16,臺股期貨,自營商,22138,48475827,22515,49295313,-377,-819486,13147,28800324,13828,30288012,-681,-1487688
2018/1/16,臺股期貨,投信,9765,21391903,9732,21312557,33,79346,1656,3636134,32533,71429893,-30877,-67793759
2018/1/16,臺股期貨,外資及陸資,75224,164652910,77843,170408660,-2619,-5755750,81553,179019227,33189,72815666,48364,106203561
2018/1/17,臺股期貨,自營商,27414,60178473,31221,68543003,-3807,-8364530,6105,13346257,11274,24702334,-5169,-11356077
2018/1/17,臺股期貨,投信,1045,2294239,540,1184440,505,1109798,1735,3813165,32081,70507622,-30346,-66694457
2018/1/17,臺股期貨,外資及陸資,53954,118392770,48423,106262594,5531,12130176,74986,164747766,22569,49537046,52417,115210720
2018/1/18,臺股期貨,自營商,26663,59064762,26868,59523568,-205,-458806,5665,12453171,11031,24313313,-5366,-11860142
2018/1/18,臺股期貨,投信,2690,5960388,185,410204,2505,5550184,1642,3631430,29483,65204603,-27841,-61573173
2018/1/18,臺股期貨,外資及陸資,61199,135596643,64951,143919602,-3752,-8322959,73877,163323923,25211,55693251,48666,107630672
2018/1/19,臺股期貨,自營商,16131,35836017,15112,33572545,1019,2263472,7029,15577004,11372,25247791,-4343,-9670787
2018/1/19,臺股期貨,投信,114,253897,535,1191822,-421,-937926,1713,3815868,29975,66772310,-28262,-62956442
2018/1/19,臺股期貨,外資及陸資,38085,84604949,37339,82946704,746,1658246,75602,168350447,26190,58276119,49412,110074328
2018/1/22,臺股期貨,自營商,23419,52261423,18495,41261702,4924,10999721,11318,25305054,10734,23986446,584,1318608
2018/1/22,臺股期貨,投信,131,293556,541,1213453,-410,-919897,1760,3950131,30432,68301581,-28672,-64351450
2018/1/22,臺股期貨,外資及陸資,49829,111242069,56972,127186599,-7143,-15944531,69928,156883108,27659,62012478,42269,94870630
2018/1/23,臺股期貨,自營商,23851,53501908,21611,48467056,2240,5034851,12929,28921161,10101,22568150,2828,6353011
2018/1/23,臺股期貨,投信,127,285170,2242,5033583,-2115,-4748413,1807,4056704,32594,73173530,-30787,-69116826
2018/1/23,臺股期貨,外資及陸資,51607,115819248,55211,123909420,-3604,-8090172,68341,153368724,29676,66556806,38665,86811918
2018/1/24,臺股期貨,自營商,29086,64766404,31309,69714116,-2223,-4947712,9311,20619131,8522,18852439,789,1766692
2018/1/24,臺股期貨,投信,100,222531,2448,5447385,-2348,-5224854,1711,3806961,34846,77532350,-33135,-73725389
2018/1/24,臺股期貨,外資及陸資,60470,134716070,57575,128243504,2895,6472566,70044,155788471,28482,63305065,41562,92483406
2018/1/25,臺股期貨,自營商,29053,64937661,30612,68425252,-1559,-3487591,9418,20890571,10153,22521314,-735,-1630743
2018/1/25,臺股期貨,投信,321,717785,1497,3338772,-1176,-2620987,1865,4158564,36176,80665245,-34311,-76506681
2018/1/25,臺股期貨,外資及陸資,78358,175176534,73086,163418028,5272,11758506,74067,165094640,27232,60652033,46835,104442607
2018/1/26,臺股期貨,自營商,23655,52645892,25035,55712490,-1380,-3066598,8311,18415557,10428,23120177,-2117,-4704620
2018/1/26,臺股期貨,投信,265,590517,1243,2770352,-978,-2179835,1982,4417469,37271,83069605,-35289,-78652136
2018/1/26,臺股期貨,外資及陸資,63621,141657646,63372,141124125,249,533521,73771,164361266,26983,60071399,46788,104289867
2018/1/29,臺股期貨,自營商,20471,45806165,17290,38680674,3181,7125491,11264,25114549,10139,22584643,1125,2529906
2018/1/29,臺股期貨,投信,102,228400,60,134226,42,94174,1973,4418325,37220,83350468,-35247,-78932143
2018/1/29,臺股期貨,外資及陸資,47235,105700818,49847,111560435,-2612,-5859617,71473,159997832,27297,61062469,44176,98935363
2018/1/30,臺股期貨,自營商,23603,52508343,26699,59401260,-3096,-6892917,9560,21052080,11340,24958517,-1780,-3906437
2018/1/30,臺股期貨,投信,0,0,677,1500114,-677,-1500114,1880,4160429,37804,83660252,-35924,-79499823
2018/1/30,臺股期貨,外資及陸資,65630,146149312,61491,136957558,4139,9191754,73554,162717725,25238,55787325,48316,106930400
2018/1/31,臺股期貨,自營商,32113,71138160,33481,74145745,-1368,-3007585,7265,16017828,10418,22995387,-3153,-6977559
2018/1/31,臺股期貨,投信,309,685813,186,412301,123,273512,1891,4197254,37692,83661043,-35801,-79463789
2018/1/31,臺股期貨,外資及陸資,67464,149431870,66097,146438256,1367,2993614,76896,170620565,27213,60336006,49683,110284559
2018/2/1,臺股期貨,自營商,18835,42034153,17628,39348116,1207,2686036,9284,20612051,11234,24952907,-1950,-4340856
2018/2/1,臺股期貨,投信,629,1404530,172,383888,457,1020642,1929,4305424,37273,83193240,-35344,-78887816
2018/2/1,臺股期貨,外資及陸資,54581,121845336,56320,125720149,-1739,-3874813,77012,171834254,29065,64808862,47947,107025392
2018/2/2,臺股期貨,自營商,27132,60193310,26057,57803574,1075,2389737,10858,24023754,11735,25954422,-877,-1930668
2018/2/2,臺股期貨,投信,228,506803,481,1067846,-253,-561044,1820,4045379,37417,83170400,-35597,-79125021
2018/2/2,臺股期貨,外資及陸資,66683,148006957,70582,156659687,-3899,-8652731,74813,166235949,30769,68327431,44044,97908518
2018/2/5,臺股期貨,自營商,35608,77708327,35722,77920720,-114,-212392,10805,23493576,11780,25594389,-975,-2100813
2018/2/5,臺股期貨,投信,76,166050,425,928481,-349,-762431,1825,3988212,37771,82544611,-35946,-78556399
2018/2/5,臺股期貨,外資及陸資,72094,157387491,75970,165929151,-3876,-8541660,72215,157760036,32066,70008922,40149,87751114
2018/2/6,臺股期貨,自營商,88460,184873913,94855,198312297,-6395,-13438385,13151,27063577,20519,42345826,-7368,-15282249
2018/2/6,臺股期貨,投信,425,885287,3213,6671833,-2788,-5786546,1739,3614530,40473,84149384,-38734,-80534854
2018/2/6,臺股期貨,外資及陸資,190174,398659698,187252,392639358,2922,6020340,71010,147569952,27939,58011409,43071,89558543
2018/2/7,臺股期貨,自營商,50352,106404938,49449,104452496,903,1952442,10272,21355825,16740,34929997,-6468,-13574172
2018/2/7,臺股期貨,投信,5157,10896541,3450,7288720,1707,3607821,1831,3850309,38858,81727462,-37027,-77877153
2018/2/7,臺股期貨,外資及陸資,141917,299654846,136731,288713326,5186,10941520,73006,153492177,24818,52130218,48188,101361959
2018/2/8,臺股期貨,自營商,24483,51563444,24171,50899362,312,664083,11586,24122933,17704,36963103,-6118,-12840170
2018/2/8,臺股期貨,投信,6024,12675749,6053,12716936,-29,-41187,1829,3846227,38884,81764686,-37055,-77918459
2018/2/8,臺股期貨,外資及陸資,98321,207173614,100571,211900951,-2250,-4727337,72213,151805894,26274,55184334,45939,96621560
2018/2/9,臺股期貨,自營商,46778,96079828,44686,91775169,2092,4304659,14244,29192823,17703,36335689,-3459,-7142866
2018/2/9,臺股期貨,投信,18283,37682416,19112,39311355,-829,-1628939,1738,3591803,39622,81874549,-37884,-78282746
2018/2/9,臺股期貨,外資及陸資,143627,295354775,147002,302419211,-3375,-7064437,71902,148636062,29338,60637516,42564,87998546
2018/2/12,臺股期貨,自營商,28305,58741278,27256,56562010,1049,2179268,13622,28033107,16014,33010578,-2392,-4977471
2018/2/12,臺股期貨,投信,12271,25552309,11282,23437721,989,2114588,1785,3704954,38680,80263242,-36895,-76558288
2018/2/12,臺股期貨,外資及陸資,129669,268974412,129592,268848087,77,126325,74313,154323895,31672,65774613,42641,88549282
2018/2/21,臺股期貨,自營商,31890,67840700,30009,63840293,1881,4000407,8329,17547965,12018,25415938,-3689,-7867973
2018/2/21,臺股期貨,投信,3242,6913963,237,504407,3005,6409557,1904,4069229,36134,77225585,-34230,-73156356
2018/2/21,臺股期貨,外資及陸資,99086,210284745,93861,199299371,5225,10985373,68699,146769581,20923,44643732,47776,102125849
2018/2/22,臺股期貨,自營商,12134,25800423,11837,25162465,297,637958,8315,17414515,11681,24550913,-3366,-7136398
2018/2/22,臺股期貨,投信,179,380370,555,1179192,-376,-798822,1440,3059712,36046,76590541,-34606,-73530829
2018/2/22,臺股期貨,外資及陸資,55859,118889149,60731,129282225,-4872,-10393076,65514,139150938,22621,47993012,42893,91157926
2018/2/23,臺股期貨,自營商,14598,31331357,15099,32419175,-501,-1087819,9020,19191455,12911,27568969,-3891,-8377514
2018/2/23,臺股期貨,投信,1521,3278179,88,189541,1433,3088638,1470,3169908,34643,74704165,-33173,-71534257
2018/2/23,臺股期貨,外資及陸資,58805,126094700,53705,115165497,5100,10929203,68850,148414624,20866,44927643,47984,103486981
2018/2/26,臺股期貨,自營商,12326,26678569,11348,24557661,978,2120908,9006,19230795,11930,25541965,-2924,-6311170
2018/2/26,臺股期貨,投信,669,1448522,104,225470,565,1223053,1518,3284952,34126,73848664,-32608,-70563712
2018/2/26,臺股期貨,外資及陸資,40958,88672258,44894,97197800,-3936,-8525542,66046,142869400,21998,47532304,44048,95337096
2018/2/27,臺股期貨,自營商,14350,31129396,15657,33967303,-1307,-2837907,8750,18611265,12981,27730464,-4231,-9119199
2018/2/27,臺股期貨,投信,163,354277,90,195114,73,159163,1605,3463269,34140,73667292,-32535,-70204023
2018/2/27,臺股期貨,外資及陸資,45627,99037149,44453,96495775,1174,2541373,66620,143701696,21398,46094746,45222,97606950
2018/3/1,臺股期貨,自營商,21451,45967911,21672,46467050,-221,-499139,8381,17722496,12905,27425536,-4524,-9703040
2018/3/1,臺股期貨,投信,27,57391,685,1468797,-658,-1411406,1516,3254549,34709,74513281,-33193,-71258732
2018/3/1,臺股期貨,外資及陸資,63009,135166261,62978,135113910,31,52351,66810,143376367,21554,46193610,45256,97182757
2018/3/2,臺股期貨,自營商,20889,44455604,21261,45246380,-372,-790776,9164,19284033,13975,29557784,-4811,-10273751
2018/3/2,臺股期貨,投信,29,61702,809,1724781,-780,-1663080,1453,3103027,35426,75655766,-33973,-72552739
2018/3/2,臺股期貨,外資及陸資,80623,171875679,80149,170861609,474,1014070,67383,143851010,21635,46116777,45748,97734233
2018/3/5,臺股期貨,自營商,20819,44380964,20675,44044909,144,336056,9510,19927599,14132,29752891,-4622,-9825292
2018/3/5,臺股期貨,投信,56,119023,411,873852,-355,-754829,1403,2983339,35731,75978398,-34328,-72995059
2018/3/5,臺股期貨,外資及陸資,82776,176434528,83406,177806870,-630,-1372343,68589,145794171,23440,49752699,45149,96041472
2018/3/6,臺股期貨,自營商,20211,43395040,19162,41150777,1049,2244262,11238,23938095,14805,31637811,-3567,-7699716
2018/3/6,臺股期貨,投信,1027,2213638,96,206382,931,2007255,1437,3099896,34834,75143905,-33397,-72044009
2018/3/6,臺股期貨,外資及陸資,64962,139359746,62337,133719158,2625,5640588,70899,152889291,23125,49794863,47774,103094428
2018/3/7,臺股期貨,自營商,23432,50392055,24309,52273849,-877,-1881794,9693,20445972,14196,30094690,-4503,-9648718
2018/3/7,臺股期貨,投信,153,329390,238,510093,-85,-180703,1396,2989674,34878,74694725,-33482,-71705051
2018/3/7,臺股期貨,外資及陸資,64375,138592110,65876,141838103,-1501,-3245993,70459,150848173,24185,51702489,46274,99145684
2018/3/8,臺股期貨,自營商,14624,31592311,13624,29433434,1000,2158878,10150,21654452,13726,29409362,-3576,-7754910
2018/3/8,臺股期貨,投信,615,1331253,99,214297,516,1116956,1426,3087860,34392,74472437,-32966,-71384577
2018/3/8,臺股期貨,外資及陸資,55492,119847611,52111,112527300,3381,7320311,73679,159493454,24015,51907652,49664,107585802
2018/3/9,臺股期貨,自營商,14431,31325669,15153,32891526,-722,-1565857,9733,20817775,14073,30257521,-4340,-9439746
2018/3/9,臺股期貨,投信,1048,2276223,70,152239,978,2123984,1429,3104360,33417,72595091,-31988,-69490731
2018/3/9,臺股期貨,外資及陸資,50623,109917568,51365,111533916,-742,-1616348,72482,157410445,23563,51096836,48919,106313609
2018/3/12,臺股期貨,自營商,18500,40613578,17924,39362407,576,1251171,11075,24075893,14839,32407143,-3764,-8331250
2018/3/12,臺股期貨,投信,1596,3516111,77,169436,1519,3346676,1495,3295561,31964,70461231,-30469,-67165670
2018/3/12,臺股期貨,外資及陸資,48661,106803462,46483,102052774,2178,4750688,76776,169193677,25672,56502443,51104,112691234
2018/3/13,臺股期貨,自營商,16128,35646590,14663,32408109,1465,3238481,12352,27069847,14667,32253324,-2315,-5183477
2018/3/13,臺股期貨,投信,836,1855843,47,103905,789,1751939,1485,3296379,31165,69179856,-29680,-65883477
2018/3/13,臺股期貨,外資及陸資,39901,88203166,40992,90641376,-1091,-2438210,75674,167929096,25661,56872394,50013,111056702
2018/3/14,臺股期貨,自營商,19460,42955716,19635,43334013,-175,-378296,10893,23699202,13383,29231853,-2490,-5532651
2018/3/14,臺股期貨,投信,133,293468,149,328278,-16,-34809,1495,3297949,31191,68807145,-29696,-65509196
2018/3/14,臺股期貨,外資及陸資,49267,108827064,51336,113402657,-2069,-4575593,73320,161689442,25377,55892631,47943,105796811
2018/3/15,臺股期貨,自營商,14588,32152703,15459,34078866,-871,-1926163,11696,25486100,15054,32944702,-3358,-7458602
2018/3/15,臺股期貨,投信,2641,5833604,2690,5933231,-49,-99627,1450,3201866,31195,68876071,-29745,-65674205
2018/3/15,臺股期貨,外資及陸資,52523,115833580,52006,114704109,517,1129471,77254,170526842,28794,63491560,48460,107035282
2018/3/16,臺股期貨,自營商,27724,60887192,24978,54830581,2746,6056610,12714,27652649,13284,28947482,-570,-1294833
2018/3/16,臺股期貨,投信,4015,8805996,4234,9274148,-219,-468152,1473,3245192,31437,69236827,-29964,-65991635
2018/3/16,臺股期貨,外資及陸資,74973,164639743,81712,179467555,-6739,-14827812,72713,160111443,30992,68173360,41721,91938083
2018/3/19,臺股期貨,自營商,24646,54233946,25473,56041035,-827,-1807089,9841,21347109,11755,25589831,-1914,-4242722
2018/3/19,臺股期貨,投信,15083,33236071,15472,34028321,-389,-792250,1495,3293597,31848,70137212,-30353,-66843615
2018/3/19,臺股期貨,外資及陸資,85322,187695799,83152,183004460,2170,4691339,76093,167587158,32202,70870888,43891,96716270
2018/3/20,臺股期貨,自營商,19602,43035026,19192,42133755,410,901271,11024,23907829,12541,27271806,-1517,-3363977
2018/3/20,臺股期貨,投信,10808,23756939,10855,23813647,-47,-56709,1440,3164343,31840,69960658,-30400,-66796315
2018/3/20,臺股期貨,外資及陸資,83625,183591195,83263,182837124,362,754071,81923,180056802,37670,82742001,44253,97314801
2018/3/21,臺股期貨,自營商,27317,60242845,27810,61339241,-493,-1096396,6785,14584892,12418,27032582,-5633,-12447690
2018/3/21,臺股期貨,投信,401,884926,265,583358,136,301567,1436,3160041,31702,69763421,-30266,-66603380
2018/3/21,臺股期貨,外資及陸資,46260,101958068,46037,101483054,223,475014,66558,146429891,22128,48596215,44430,97833676
2018/3/22,臺股期貨,自營商,22705,50096666,22972,50692709,-267,-596042,6762,14508009,12638,27479632,-5876,-12971623
2018/3/22,臺股期貨,投信,163,360207,984,2164050,-821,-1803842,1468,3226644,32555,71555890,-31087,-68329246
2018/3/22,臺股期貨,外資及陸資,66049,145777195,64942,143321480,1107,2455715,66430,145975218,20893,45819485,45537,100155733
2018/3/23,臺股期貨,自營商,24726,53286505,25311,54548886,-585,-1262382,7434,15595061,13871,29457821,-6437,-13862760
2018/3/23,臺股期貨,投信,121,260884,1540,3309945,-1419,-3049061,1352,2902181,33858,72679583,-32506,-69777402
2018/3/23,臺股期貨,外資及陸資,84476,182513519,84627,182914404,-151,-400885,68582,147178083,23197,49686280,45385,97491803
2018/3/26,臺股期貨,自營商,20499,44074702,19692,42300485,807,1774217,6971,14778005,12391,26528955,-5420,-11750950
2018/3/26,臺股期貨,投信,153,330224,399,864100,-246,-533876,1397,3028672,34149,74035032,-32752,-71006360
2018/3/26,臺股期貨,外資及陸資,74958,161384742,71524,153985565,3434,7399176,70742,153324446,21929,47430204,48813,105894242
2018/3/27,臺股期貨,自營商,20970,45820222,21308,46563861,-338,-743638,7978,17197066,13540,29421934,-5562,-12224868
2018/3/27,臺股期貨,投信,905,1987242,56,122387,849,1864855,1433,3149424,33336,73265861,-31903,-70116437
2018/3/27,臺股期貨,外資及陸資,63549,138764415,65432,142883173,-1883,-4118758,69039,151689661,22119,48499837,46920,103189824
2018/3/28,臺股期貨,自營商,23844,51842196,25063,54473313,-1219,-2631117,5800,12351759,12582,27012533,-6782,-14660774
2018/3/28,臺股期貨,投信,16,34658,778,1684569,-762,-1649911,1350,2921108,34015,73601657,-32665,-70680549
2018/3/28,臺股期貨,外資及陸資,65688,143010415,69516,151341116,-3828,-8330701,68622,148442903,25556,55187995,43066,93254908
2018/3/29,臺股期貨,自營商,16710,36158743,16291,35238565,419,920178,5897,12586841,12207,26249814,-6310,-13662973
2018/3/29,臺股期貨,投信,102,221022,124,268146,-22,-47123,1370,2970138,34057,73835576,-32687,-70865438
2018/3/29,臺股期貨,外資及陸資,77431,167543365,76958,166513888,473,1029476,67820,146992322,24294,52559495,43526,94432827
2018/3/30,臺股期貨,自營商,15476,33819703,16831,36796095,-1355,-2976393,6014,12925984,13680,29659524,-7666,-16733540
2018/3/30,臺股期貨,投信,650,1419672,140,306081,510,1113591,1407,3072302,33584,73334007,-32177,-70261705
2018/3/30,臺股期貨,外資及陸資,50350,110010665,45119,98578978,5231,11431687,69988,152781614,21221,46227221,48767,106554393
2018/3/31,臺股期貨,自營商,4123,9010637,5010,10946547,-887,-1935910,5383,11553894,13916,30189981,-8533,-18636087
2018/3/31,臺股期貨,投信,29,63419,0,0,29,63419,1410,3080544,33558,73317503,-32148,-70236959
2018/3/31,臺股期貨,外資及陸資,2658,5811985,2639,5771959,19,40026,70375,153710333,21589,47053869,48786,106656464
2018/4/2,臺股期貨,自營商,14899,32452617,14798,32224671,101,227946,5215,11130149,13658,29461676,-8443,-18331527
2018/4/2,臺股期貨,投信,208,452221,489,1063327,-281,-611106,1360,2954714,33789,73409951,-32429,-70455237
2018/4/2,臺股期貨,外資及陸資,44838,97699362,44483,96916127,355,783234,70657,153465483,21516,46637782,49141,106827701
2018/4/3,臺股期貨,自營商,16475,35478978,16203,34883919,272,595059,5448,11556385,13619,29159465,-8171,-17603080
2018/4/3,臺股期貨,投信,113,243462,741,1597916,-628,-1354454,1359,2930797,34416,74221516,-33057,-71290719
2018/4/3,臺股期貨,外資及陸資,68735,148087891,70381,151654557,-1646,-3566666,69934,150774961,22470,48354008,47464,102420953
2018/4/9,臺股期貨,自營商,24630,53489687,22714,49328217,1916,4161469,6394,13736806,12657,27392123,-6263,-13655317
2018/4/9,臺股期貨,投信,1516,3304887,144,313574,1372,2991313,1358,2961232,33043,72053536,-31685,-69092304
2018/4/9,臺股期貨,外資及陸資,75818,164608893,73122,158757086,2696,5851807,71529,155928991,21369,46489088,50160,109439903
2018/4/10,臺股期貨,自營商,23492,51318059,24774,54138315,-1282,-2820256,6411,13828599,14186,30852042,-7775,-17023443
2018/4/10,臺股期貨,投信,1549,3389768,89,194697,1460,3195072,1428,3126726,31653,69307361,-30225,-66180635
2018/4/10,臺股期貨,外資及陸資,73648,161003900,73857,161463401,-209,-459501,72054,157716575,22103,48287683,49951,109428892
2018/4/11,臺股期貨,自營商,20425,44800434,17896,39247667,2529,5552767,7615,16503783,12871,28043517,-5256,-11539734
2018/4/11,臺股期貨,投信,863,1894204,24,52630,839,1841574,1438,3156960,30824,67670966,-29386,-64514006
2018/4/11,臺股期貨,外資及陸資,52454,115122345,53801,118072814,-1347,-2950469,71845,157670333,23241,50914165,48604,106756168
2018/4/12,臺股期貨,自營商,19674,43088659,17618,38565122,2056,4523538,7790,16841536,10954,23761416,-3164,-6919880
2018/4/12,臺股期貨,投信,2072,4534182,1248,2725241,824,1808941,1407,3079054,29969,65579408,-28562,-62500354
2018/4/12,臺股期貨,外資及陸資,56720,124274422,63729,139627691,-7009,-15353269,64938,142047500,23366,51025264,41572,91022236
2018/4/13,臺股期貨,自營商,17081,37405067,16660,36480209,421,924857,9579,20779149,12559,27303058,-2980,-6523909
2018/4/13,臺股期貨,投信,5498,12053511,4278,9364279,1220,2689233,1418,3107347,28760,63008674,-27342,-59901327
2018/4/13,臺股期貨,外資及陸資,56689,124200701,54843,120180064,1846,4020637,67915,148746710,24497,53570576,43418,95176134
2018/4/16,臺股期貨,自營商,20264,44316256,19759,43205879,505,1110377,10040,21761908,12652,27464176,-2612,-5702268
2018/4/16,臺股期貨,投信,15536,33999912,15219,33263397,317,736515,1405,3073153,28430,62160428,-27025,-59087275
2018/4/16,臺股期貨,外資及陸資,93386,204275661,95467,208875783,-2081,-4600123,68391,149516426,27056,59076969,41335,90439457
2018/4/17,臺股期貨,自營商,30523,66274453,33000,71620337,-2477,-5345884,8048,17199449,13115,28117951,-5067,-10918502
2018/4/17,臺股期貨,投信,8925,19359562,9851,21339603,-926,-1980041,1330,2870747,29282,63197516,-27952,-60326769
2018/4/17,臺股期貨,外資及陸資,78264,170028719,82878,180084323,-4614,-10055604,66312,143116091,29599,63816466,36713,79299625
2018/4/18,臺股期貨,自營商,40453,87714021,39395,85421960,1058,2292061,6356,13616741,9937,21362828,-3581,-7746087
2018/4/18,臺股期貨,投信,447,970564,457,991222,-10,-20658,1319,2860903,29281,63510489,-27962,-60649586
2018/4/18,臺股期貨,外資及陸資,61685,133749323,58123,126017865,3562,7731458,61686,133769512,21788,47169409,39898,86600103
